1-1 0.998989898989899,0.6372978436657681,0.6986185983827493 0.9024390243902439,0.5,0.5 0.9189189189189189,1.0,1.0 1.0 1 45,8,8 
2-1 0.998989898989899,0.6372978436657681,0.6986185983827493 1.0,1.0,1.0 0.9189189189189189,1.0,1.0 1.0 1 45,8,8 
3-1 0.998989898989899,0.6372978436657681,0.6986185983827493 1.0,1.0,1.0 0.9189189189189189,1.0,1.0 1.0 1 45,8,8 
5-1 0.998989898989899,0.6372978436657681,0.6986185983827493 1.0,1.0,1.0 0.9189189189189189,1.0,1.0 1.0 1 45,8,8 
7-1 0.998989898989899,0.6372978436657681,0.6986185983827493 0.9024390243902439,0.5,0.5 0.9189189189189189,1.0,1.0 1.0 1 45,8,8 
8-1 0.998989898989899,0.6372978436657681,0.6986185983827493 0.9024390243902439,0.5,0.5 0.9189189189189189,1.0,1.0 1.0 1 45,8,8 
9-1 0.998989898989899,0.6372978436657681,0.6986185983827493 0.0975609756097561,0.5,0.5 0.9189189189189189,1.0,1.0 1.0 1 45,8,8 
10-1 0.998989898989899,0.6372978436657681,0.6986185983827493 0.0975609756097561,0.5,0.5 0.9189189189189189,1.0,1.0 1.0 1 45,8,8 
11-1 0.998989898989899,0.6372978436657681,0.6986185983827493 0.9024390243902439,0.5,0.5 0.9189189189189189,1.0,1.0 1.0 1 45,8,8 
12-1 0.998989898989899,0.6372978436657681,0.6986185983827493 1.0,0.5,0.5 0.9189189189189189,1.0,1.0 1.0 1 45,8,8 
13-1 0.998989898989899,0.6372978436657681,0.6986185983827493 1.0,0.5,0.5 0.9189189189189189,1.0,1.0 1.0 1 45,8,8 
1-2 -2 0.6491228070175439 0.19218158890290038 1.0 -1 61 
2-2 -2 1.0 0.19218158890290038 1.0 -1 61 
3-2 -2 1.0 0.19218158890290038 1.0 -1 61 
5-2 -2 1.0 0.19218158890290038 1.0 -1 61 
7-2 -2 0.6491228070175439 0.19218158890290038 1.0 -1 61 
8-2 -2 0.6491228070175439 0.19218158890290038 1.0 -1 61 
9-2 -2 0.14035087719298245 0.19218158890290038 1.0 -1 61 
10-2 -2 0.14035087719298245 0.19218158890290038 1.0 -1 61 
11-2 -2 0.7894736842105263 0.19218158890290038 1.0 -1 61 
12-2 -2 0.8596491228070176 0.19218158890290038 1.0 -1 61 
13-2 -2 0.8596491228070176 0.19218158890290038 1.0 -1 61 
1-3 -2 0.6491228070175439 0.19218158890290038 1.0 -1 61 
2-3 -2 1.0 0.19218158890290038 1.0 -1 61 
3-3 -2 1.0 0.19218158890290038 1.0 -1 61 
5-3 -2 1.0 0.19218158890290038 1.0 -1 61 
7-3 -2 0.6491228070175439 0.19218158890290038 1.0 -1 61 
8-3 -2 0.6491228070175439 0.19218158890290038 1.0 -1 61 
9-3 -2 0.14035087719298245 0.19218158890290038 1.0 -1 61 
10-3 -2 0.14035087719298245 0.19218158890290038 1.0 -1 61 
11-3 -2 0.7894736842105263 0.19218158890290038 1.0 -1 61 
12-3 -2 0.8596491228070176 0.19218158890290038 1.0 -1 61 
13-3 -2 0.8596491228070176 0.19218158890290038 1.0 -1 61 
1-5 -2 0.6491228070175439 0.19218158890290038 1.0 -1 61 
2-5 -2 1.0 0.19218158890290038 1.0 -1 61 
3-5 -2 1.0 0.19218158890290038 1.0 -1 61 
5-5 -2 1.0 0.19218158890290038 1.0 -1 61 
7-5 -2 0.6491228070175439 0.19218158890290038 1.0 -1 61 
8-5 -2 0.6491228070175439 0.19218158890290038 1.0 -1 61 
9-5 -2 0.14035087719298245 0.19218158890290038 1.0 -1 61 
10-5 -2 0.14035087719298245 0.19218158890290038 1.0 -1 61 
11-5 -2 0.7894736842105263 0.19218158890290038 1.0 -1 61 
12-5 -2 0.8596491228070176 0.19218158890290038 1.0 -1 61 
13-5 -2 0.8596491228070176 0.19218158890290038 1.0 -1 61 
1-7 0.998989898989899,0.6372978436657681,0.6986185983827493 0.9024390243902439,0.5,0.5 0.9189189189189189,1.0,1.0 1.0 1 45,8,8 
2-7 0.998989898989899,0.6372978436657681,0.6986185983827493 1.0,1.0,1.0 0.9189189189189189,1.0,1.0 1.0 1 45,8,8 
3-7 0.998989898989899,0.6372978436657681,0.6986185983827493 1.0,1.0,1.0 0.9189189189189189,1.0,1.0 1.0 1 45,8,8 
5-7 0.998989898989899,0.6372978436657681,0.6986185983827493 1.0,1.0,1.0 0.9189189189189189,1.0,1.0 1.0 1 45,8,8 
7-7 0.998989898989899,0.6372978436657681,0.6986185983827493 0.9024390243902439,0.5,0.5 0.9189189189189189,1.0,1.0 1.0 1 45,8,8 
8-7 0.998989898989899,0.6372978436657681,0.6986185983827493 0.9024390243902439,0.5,0.5 0.9189189189189189,1.0,1.0 1.0 1 45,8,8 
9-7 0.998989898989899,0.6372978436657681,0.6986185983827493 0.0975609756097561,0.5,0.5 0.9189189189189189,1.0,1.0 1.0 1 45,8,8 
10-7 0.998989898989899,0.6372978436657681,0.6986185983827493 0.0975609756097561,0.5,0.5 0.9189189189189189,1.0,1.0 1.0 1 45,8,8 
11-7 0.998989898989899,0.6372978436657681,0.6986185983827493 0.9024390243902439,0.5,0.5 0.9189189189189189,1.0,1.0 1.0 1 45,8,8 
12-7 0.998989898989899,0.6372978436657681,0.6986185983827493 1.0,0.5,0.5 0.9189189189189189,1.0,1.0 1.0 1 45,8,8 
13-7 0.998989898989899,0.6372978436657681,0.6986185983827493 1.0,0.5,0.5 0.9189189189189189,1.0,1.0 1.0 1 45,8,8 
1-8 0.998989898989899,0.6372978436657681,0.6986185983827493 0.9024390243902439,0.5,0.5 0.9189189189189189,1.0,1.0 1.0 1 45,8,8 
2-8 0.998989898989899,0.6372978436657681,0.6986185983827493 1.0,1.0,1.0 0.9189189189189189,1.0,1.0 1.0 1 45,8,8 
3-8 0.998989898989899,0.6372978436657681,0.6986185983827493 1.0,1.0,1.0 0.9189189189189189,1.0,1.0 1.0 1 45,8,8 
5-8 0.998989898989899,0.6372978436657681,0.6986185983827493 1.0,1.0,1.0 0.9189189189189189,1.0,1.0 1.0 1 45,8,8 
7-8 0.998989898989899,0.6372978436657681,0.6986185983827493 0.9024390243902439,0.5,0.5 0.9189189189189189,1.0,1.0 1.0 1 45,8,8 
8-8 0.998989898989899,0.6372978436657681,0.6986185983827493 0.9024390243902439,0.5,0.5 0.9189189189189189,1.0,1.0 1.0 1 45,8,8 
9-8 0.998989898989899,0.6372978436657681,0.6986185983827493 0.0975609756097561,0.5,0.5 0.9189189189189189,1.0,1.0 1.0 1 45,8,8 
10-8 0.998989898989899,0.6372978436657681,0.6986185983827493 0.0975609756097561,0.5,0.5 0.9189189189189189,1.0,1.0 1.0 1 45,8,8 
11-8 0.998989898989899,0.6372978436657681,0.6986185983827493 0.9024390243902439,0.5,0.5 0.9189189189189189,1.0,1.0 1.0 1 45,8,8 
12-8 0.998989898989899,0.6372978436657681,0.6986185983827493 1.0,0.5,0.5 0.9189189189189189,1.0,1.0 1.0 1 45,8,8 
13-8 0.998989898989899,0.6372978436657681,0.6986185983827493 1.0,0.5,0.5 0.9189189189189189,1.0,1.0 1.0 1 45,8,8 
1-10 -1,0.5635964912280702,0.6986185983827493,0.6600877192982456,0.39035087719298245,0.20175438596491224,0.6337719298245614,0.6074561403508771,0.8048245614035088,0.6118421052631579,-1,0.3362068965517242,0.06896551724137934,0.3390804597701149,0.3362068965517242,0.3448275862068966,-1,0.03389830508474578,-1 -1,1.0,0.5,1.0,1.0,1.0,1.0,1.0,1.0,1.0,-1,1.0,1.0,1.0,1.0,1.0,-1,1.0,-1 1.0,1.0,1.0,0.9714285714285714,1.0,1.0,0.9714285714285714,0.9444444444444444,0.9714285714285714,1.0,1.0,1.0,1.0,0.9714285714285714,0.9714285714285714,1.0,1.0,1.0,1.0 0.736842105263158 1 1,4,8,4,4,4,4,4,4,4,1,3,3,3,3,3,1,2,1 
2-10 -1,0.5635964912280702,0.6986185983827493,0.6600877192982456,0.39035087719298245,0.20175438596491224,0.6337719298245614,0.6074561403508771,0.8048245614035088,0.6118421052631579,-1,0.3362068965517242,0.06896551724137934,0.3390804597701149,0.3362068965517242,0.3448275862068966,-1,0.03389830508474578,-1 -1,1.0,1.0,1.0,1.0,1.0,1.0,1.0,1.0,1.0,-1,1.0,1.0,1.0,1.0,1.0,-1,1.0,-1 1.0,1.0,1.0,0.9714285714285714,1.0,1.0,0.9714285714285714,0.9444444444444444,0.9714285714285714,1.0,1.0,1.0,1.0,0.9714285714285714,0.9714285714285714,1.0,1.0,1.0,1.0 0.736842105263158 1 1,4,8,4,4,4,4,4,4,4,1,3,3,3,3,3,1,2,1 
3-10 -1,0.5635964912280702,0.6986185983827493,0.6600877192982456,0.39035087719298245,0.20175438596491224,0.6337719298245614,0.6074561403508771,0.8048245614035088,0.6118421052631579,-1,0.3362068965517242,0.06896551724137934,0.3390804597701149,0.3362068965517242,0.3448275862068966,-1,0.03389830508474578,-1 -1,1.0,1.0,1.0,1.0,1.0,1.0,1.0,1.0,1.0,-1,1.0,1.0,1.0,1.0,1.0,-1,1.0,-1 1.0,1.0,1.0,0.9714285714285714,1.0,1.0,0.9714285714285714,0.9444444444444444,0.9714285714285714,1.0,1.0,1.0,1.0,0.9714285714285714,0.9714285714285714,1.0,1.0,1.0,1.0 0.736842105263158 1 1,4,8,4,4,4,4,4,4,4,1,3,3,3,3,3,1,2,1 
5-10 -1,0.5635964912280702,0.6986185983827493,0.6600877192982456,0.39035087719298245,0.20175438596491224,0.6337719298245614,0.6074561403508771,0.8048245614035088,0.6118421052631579,-1,0.3362068965517242,0.06896551724137934,0.3390804597701149,0.3362068965517242,0.3448275862068966,-1,0.03389830508474578,-1 -1,1.0,1.0,1.0,1.0,1.0,1.0,1.0,1.0,1.0,-1,1.0,1.0,1.0,1.0,1.0,-1,1.0,-1 1.0,1.0,1.0,0.9714285714285714,1.0,1.0,0.9714285714285714,0.9444444444444444,0.9714285714285714,1.0,1.0,1.0,1.0,0.9714285714285714,0.9714285714285714,1.0,1.0,1.0,1.0 0.736842105263158 1 1,4,8,4,4,4,4,4,4,4,1,3,3,3,3,3,1,2,1 
7-10 -1,0.5635964912280702,0.6986185983827493,0.6600877192982456,0.39035087719298245,0.20175438596491224,0.6337719298245614,0.6074561403508771,0.8048245614035088,0.6118421052631579,-1,0.3362068965517242,0.06896551724137934,0.3390804597701149,0.3362068965517242,0.3448275862068966,-1,0.03389830508474578,-1 -1,1.0,0.5,1.0,1.0,1.0,1.0,1.0,1.0,1.0,-1,1.0,1.0,1.0,1.0,1.0,-1,1.0,-1 1.0,1.0,1.0,0.9714285714285714,1.0,1.0,0.9714285714285714,0.9444444444444444,0.9714285714285714,1.0,1.0,1.0,1.0,0.9714285714285714,0.9714285714285714,1.0,1.0,1.0,1.0 0.736842105263158 1 1,4,8,4,4,4,4,4,4,4,1,3,3,3,3,3,1,2,1 
8-10 -1,0.5635964912280702,0.6986185983827493,0.6600877192982456,0.39035087719298245,0.20175438596491224,0.6337719298245614,0.6074561403508771,0.8048245614035088,0.6118421052631579,-1,0.3362068965517242,0.06896551724137934,0.3390804597701149,0.3362068965517242,0.3448275862068966,-1,0.03389830508474578,-1 -1,1.0,0.5,1.0,1.0,1.0,1.0,1.0,1.0,1.0,-1,1.0,1.0,1.0,1.0,1.0,-1,1.0,-1 1.0,1.0,1.0,0.9714285714285714,1.0,1.0,0.9714285714285714,0.9444444444444444,0.9714285714285714,1.0,1.0,1.0,1.0,0.9714285714285714,0.9714285714285714,1.0,1.0,1.0,1.0 0.736842105263158 1 1,4,8,4,4,4,4,4,4,4,1,3,3,3,3,3,1,2,1 
9-10 -1,0.5635964912280702,0.6986185983827493,0.6600877192982456,0.39035087719298245,0.20175438596491224,0.6337719298245614,0.6074561403508771,0.8048245614035088,0.6118421052631579,-1,0.3362068965517242,0.06896551724137934,0.3390804597701149,0.3362068965517242,0.3448275862068966,-1,0.03389830508474578,-1 -1,1.0,0.5,1.0,1.0,1.0,1.0,1.0,1.0,1.0,-1,1.0,1.0,1.0,1.0,1.0,-1,1.0,-1 1.0,1.0,1.0,0.9714285714285714,1.0,1.0,0.9714285714285714,0.9444444444444444,0.9714285714285714,1.0,1.0,1.0,1.0,0.9714285714285714,0.9714285714285714,1.0,1.0,1.0,1.0 0.736842105263158 1 1,4,8,4,4,4,4,4,4,4,1,3,3,3,3,3,1,2,1 
10-10 -1,0.5635964912280702,0.6986185983827493,0.6600877192982456,0.39035087719298245,0.20175438596491224,0.6337719298245614,0.6074561403508771,0.8048245614035088,0.6118421052631579,-1,0.3362068965517242,0.06896551724137934,0.3390804597701149,0.3362068965517242,0.3448275862068966,-1,0.03389830508474578,-1 -1,0.25,0.5,1.0,1.0,1.0,1.0,1.0,1.0,1.0,-1,1.0,1.0,1.0,1.0,1.0,-1,1.0,-1 1.0,1.0,1.0,0.9714285714285714,1.0,1.0,0.9714285714285714,0.9444444444444444,0.9714285714285714,1.0,1.0,1.0,1.0,0.9714285714285714,0.9714285714285714,1.0,1.0,1.0,1.0 0.736842105263158 1 1,4,8,4,4,4,4,4,4,4,1,3,3,3,3,3,1,2,1 
11-10 -1,0.5635964912280702,0.6986185983827493,0.6600877192982456,0.39035087719298245,0.20175438596491224,0.6337719298245614,0.6074561403508771,0.8048245614035088,0.6118421052631579,-1,0.3362068965517242,0.06896551724137934,0.3390804597701149,0.3362068965517242,0.3448275862068966,-1,0.03389830508474578,-1 -1,1.0,0.5,1.0,1.0,1.0,1.0,1.0,1.0,1.0,-1,1.0,1.0,1.0,1.0,1.0,-1,1.0,-1 1.0,1.0,1.0,0.9714285714285714,1.0,1.0,0.9714285714285714,0.9444444444444444,0.9714285714285714,1.0,1.0,1.0,1.0,0.9714285714285714,0.9714285714285714,1.0,1.0,1.0,1.0 0.736842105263158 1 1,4,8,4,4,4,4,4,4,4,1,3,3,3,3,3,1,2,1 
12-10 -1,0.5635964912280702,0.6986185983827493,0.6600877192982456,0.39035087719298245,0.20175438596491224,0.6337719298245614,0.6074561403508771,0.8048245614035088,0.6118421052631579,-1,0.3362068965517242,0.06896551724137934,0.3390804597701149,0.3362068965517242,0.3448275862068966,-1,0.03389830508474578,-1 -1,0.25,0.5,1.0,1.0,1.0,1.0,1.0,1.0,1.0,-1,1.0,1.0,1.0,1.0,1.0,-1,1.0,-1 1.0,1.0,1.0,0.9714285714285714,1.0,1.0,0.9714285714285714,0.9444444444444444,0.9714285714285714,1.0,1.0,1.0,1.0,0.9714285714285714,0.9714285714285714,1.0,1.0,1.0,1.0 0.736842105263158 1 1,4,8,4,4,4,4,4,4,4,1,3,3,3,3,3,1,2,1 
13-10 -1,0.5635964912280702,0.6986185983827493,0.6600877192982456,0.39035087719298245,0.20175438596491224,0.6337719298245614,0.6074561403508771,0.8048245614035088,0.6118421052631579,-1,0.3362068965517242,0.06896551724137934,0.3390804597701149,0.3362068965517242,0.3448275862068966,-1,0.03389830508474578,-1 -1,0.25,0.5,1.0,1.0,1.0,1.0,1.0,1.0,1.0,-1,1.0,1.0,1.0,1.0,1.0,-1,1.0,-1 1.0,1.0,1.0,0.9714285714285714,1.0,1.0,0.9714285714285714,0.9444444444444444,0.9714285714285714,1.0,1.0,1.0,1.0,0.9714285714285714,0.9714285714285714,1.0,1.0,1.0,1.0 0.736842105263158 1 1,4,8,4,4,4,4,4,4,4,1,3,3,3,3,3,1,2,1 
1-11 0.5767543859649122,0.7108843537414966,0.6986185983827493 -1,0.7551020408163265,0.5 1.0,0.21189604046746902,1.0 1.0 1 4,49,8 
2-11 0.5767543859649122,0.7108843537414966,0.6986185983827493 -1,1.0,1.0 1.0,0.21189604046746902,1.0 1.0 1 4,49,8 
3-11 0.5767543859649122,0.7108843537414966,0.6986185983827493 -1,1.0,1.0 1.0,0.21189604046746902,1.0 1.0 1 4,49,8 
5-11 0.5767543859649122,0.7108843537414966,0.6986185983827493 -1,1.0,1.0 1.0,0.21189604046746902,1.0 1.0 1 4,49,8 
7-11 0.5767543859649122,0.7108843537414966,0.6986185983827493 -1,0.7551020408163265,0.5 1.0,0.21189604046746902,1.0 1.0 1 4,49,8 
8-11 0.5767543859649122,0.7108843537414966,0.6986185983827493 -1,0.7551020408163265,0.5 1.0,0.21189604046746902,1.0 1.0 1 4,49,8 
9-11 0.5767543859649122,0.7108843537414966,0.6986185983827493 -1,0.08163265306122448,0.5 1.0,0.21189604046746902,1.0 1.0 1 4,49,8 
10-11 0.5767543859649122,0.7108843537414966,0.6986185983827493 -1,0.08163265306122448,0.5 1.0,0.21189604046746902,1.0 1.0 1 4,49,8 
11-11 0.5767543859649122,0.7108843537414966,0.6986185983827493 -1,0.8367346938775511,0.5 1.0,0.21189604046746902,1.0 1.0 1 4,49,8 
12-11 0.5767543859649122,0.7108843537414966,0.6986185983827493 -1,0.9183673469387755,0.5 1.0,0.21189604046746902,1.0 1.0 1 4,49,8 
13-11 0.5767543859649122,0.7108843537414966,0.6986185983827493 -1,0.9183673469387755,0.5 1.0,0.21189604046746902,1.0 1.0 1 4,49,8 
1-12 -2 0.6491228070175439 0.19218158890290038 1.0 -1 61 
2-12 -2 1.0 0.19218158890290038 1.0 -1 61 
3-12 -2 1.0 0.19218158890290038 1.0 -1 61 
5-12 -2 1.0 0.19218158890290038 1.0 -1 61 
7-12 -2 0.6491228070175439 0.19218158890290038 1.0 -1 61 
8-12 -2 0.6491228070175439 0.19218158890290038 1.0 -1 61 
9-12 -2 0.14035087719298245 0.19218158890290038 1.0 -1 61 
10-12 -2 0.14035087719298245 0.19218158890290038 1.0 -1 61 
11-12 -2 0.7894736842105263 0.19218158890290038 1.0 -1 61 
12-12 -2 0.8596491228070176 0.19218158890290038 1.0 -1 61 
13-12 -2 0.8596491228070176 0.19218158890290038 1.0 -1 61 
1-13 -2 0.6491228070175439 0.19218158890290038 1.0 -1 61 
2-13 -2 1.0 0.19218158890290038 1.0 -1 61 
3-13 -2 1.0 0.19218158890290038 1.0 -1 61 
5-13 -2 1.0 0.19218158890290038 1.0 -1 61 
7-13 -2 0.6491228070175439 0.19218158890290038 1.0 -1 61 
8-13 -2 0.6491228070175439 0.19218158890290038 1.0 -1 61 
9-13 -2 0.14035087719298245 0.19218158890290038 1.0 -1 61 
10-13 -2 0.14035087719298245 0.19218158890290038 1.0 -1 61 
11-13 -2 0.7894736842105263 0.19218158890290038 1.0 -1 61 
12-13 -2 0.8596491228070176 0.19218158890290038 1.0 -1 61 
13-13 -2 0.8596491228070176 0.19218158890290038 1.0 -1 61 
