1-1 0.5476190476190477,0.6615646258503401,0.04081632653061229,0.4707207207207207 0.5,0.5,1.0,1.0 1.0,1.0,1.0,1.0 1.0 1 8,4,4,37 
1-2 0.5476190476190477,0.6615646258503401,0.04081632653061229,0.4707207207207207 1.0,1.0,1.0,1.0 1.0,1.0,1.0,1.0 1.0 1 8,4,4,37 
1-3 0.5476190476190477,0.6615646258503401,0.04081632653061229,0.4707207207207207 1.0,1.0,1.0,1.0 1.0,1.0,1.0,1.0 1.0 1 8,4,4,37 
1-5 0.5476190476190477,0.6615646258503401,0.04081632653061229,0.4707207207207207 1.0,1.0,1.0,1.0 1.0,1.0,1.0,1.0 1.0 1 8,4,4,37 
1-7 0.5476190476190477,0.6615646258503401,0.04081632653061229,0.4707207207207207 0.5,0.5,1.0,1.0 1.0,1.0,1.0,1.0 1.0 1 8,4,4,37 
1-8 0.5476190476190477,0.6615646258503401,0.04081632653061229,0.4707207207207207 0.5,0.5,1.0,1.0 1.0,1.0,1.0,1.0 1.0 1 8,4,4,37 
1-10 0.5476190476190477,0.6615646258503401,0.04081632653061229,0.4707207207207207 0.5,0.5,1.0,0.10810810810810811 1.0,1.0,1.0,1.0 1.0 1 8,4,4,37 
1-11 0.5476190476190477,0.6615646258503401,0.04081632653061229,0.4707207207207207 0.5,0.5,1.0,1.0 1.0,1.0,1.0,1.0 1.0 1 8,4,4,37 
1-12 0.5476190476190477,0.6615646258503401,0.04081632653061229,0.4707207207207207 1.0,1.0,1.0,1.0 1.0,1.0,1.0,1.0 1.0 1 8,4,4,37 
1-13 0.5476190476190477,0.6615646258503401,0.04081632653061229,0.4707207207207207 1.0,1.0,1.0,1.0 1.0,1.0,1.0,1.0 1.0 1 8,4,4,37 
2-1 -2 0.7192982456140351 0.7289879931389365 1.0 -1 53 
2-2 -2 1.0 0.7289879931389365 1.0 -1 53 
2-3 -2 1.0 0.7289879931389365 1.0 -1 53 
2-5 -2 1.0 0.7289879931389365 1.0 -1 53 
2-7 -2 0.7192982456140351 0.7289879931389365 1.0 -1 53 
2-8 -2 0.7192982456140351 0.7289879931389365 1.0 -1 53 
2-10 -2 0.14035087719298245 0.7289879931389365 1.0 -1 53 
2-11 -2 0.8596491228070176 0.7289879931389365 1.0 -1 53 
2-12 -2 1.0 0.7289879931389365 1.0 -1 53 
2-13 -2 1.0 0.7289879931389365 1.0 -1 53 
3-1 -2 0.7192982456140351 0.7289879931389365 1.0 -1 53 
3-2 -2 1.0 0.7289879931389365 1.0 -1 53 
3-3 -2 1.0 0.7289879931389365 1.0 -1 53 
3-5 -2 1.0 0.7289879931389365 1.0 -1 53 
3-7 -2 0.7192982456140351 0.7289879931389365 1.0 -1 53 
3-8 -2 0.7192982456140351 0.7289879931389365 1.0 -1 53 
3-10 -2 0.14035087719298245 0.7289879931389365 1.0 -1 53 
3-11 -2 0.8596491228070176 0.7289879931389365 1.0 -1 53 
3-12 -2 1.0 0.7289879931389365 1.0 -1 53 
3-13 -2 1.0 0.7289879931389365 1.0 -1 53 
5-1 -2 0.7192982456140351 0.7289879931389365 1.0 -1 53 
5-2 -2 1.0 0.7289879931389365 1.0 -1 53 
5-3 -2 1.0 0.7289879931389365 1.0 -1 53 
5-5 -2 1.0 0.7289879931389365 1.0 -1 53 
5-7 -2 0.7192982456140351 0.7289879931389365 1.0 -1 53 
5-8 -2 0.7192982456140351 0.7289879931389365 1.0 -1 53 
5-10 -2 0.14035087719298245 0.7289879931389365 1.0 -1 53 
5-11 -2 0.8596491228070176 0.7289879931389365 1.0 -1 53 
5-12 -2 1.0 0.7289879931389365 1.0 -1 53 
5-13 -2 1.0 0.7289879931389365 1.0 -1 53 
7-1 0.5476190476190477,0.6615646258503401,0.04081632653061229,0.4707207207207207 0.5,0.5,1.0,1.0 1.0,1.0,1.0,1.0 1.0 1 8,4,4,37 
7-2 0.5476190476190477,0.6615646258503401,0.04081632653061229,0.4707207207207207 1.0,1.0,1.0,1.0 1.0,1.0,1.0,1.0 1.0 1 8,4,4,37 
7-3 0.5476190476190477,0.6615646258503401,0.04081632653061229,0.4707207207207207 1.0,1.0,1.0,1.0 1.0,1.0,1.0,1.0 1.0 1 8,4,4,37 
7-5 0.5476190476190477,0.6615646258503401,0.04081632653061229,0.4707207207207207 1.0,1.0,1.0,1.0 1.0,1.0,1.0,1.0 1.0 1 8,4,4,37 
7-7 0.5476190476190477,0.6615646258503401,0.04081632653061229,0.4707207207207207 0.5,0.5,1.0,1.0 1.0,1.0,1.0,1.0 1.0 1 8,4,4,37 
7-8 0.5476190476190477,0.6615646258503401,0.04081632653061229,0.4707207207207207 0.5,0.5,1.0,1.0 1.0,1.0,1.0,1.0 1.0 1 8,4,4,37 
7-10 0.5476190476190477,0.6615646258503401,0.04081632653061229,0.4707207207207207 0.5,0.5,1.0,0.10810810810810811 1.0,1.0,1.0,1.0 1.0 1 8,4,4,37 
7-11 0.5476190476190477,0.6615646258503401,0.04081632653061229,0.4707207207207207 0.5,0.5,1.0,1.0 1.0,1.0,1.0,1.0 1.0 1 8,4,4,37 
7-12 0.5476190476190477,0.6615646258503401,0.04081632653061229,0.4707207207207207 1.0,1.0,1.0,1.0 1.0,1.0,1.0,1.0 1.0 1 8,4,4,37 
7-13 0.5476190476190477,0.6615646258503401,0.04081632653061229,0.4707207207207207 1.0,1.0,1.0,1.0 1.0,1.0,1.0,1.0 1.0 1 8,4,4,37 
8-1 0.5476190476190477,0.6615646258503401,0.04081632653061229,0.4707207207207207 0.5,0.5,1.0,1.0 1.0,1.0,1.0,1.0 1.0 1 8,4,4,37 
8-2 0.5476190476190477,0.6615646258503401,0.04081632653061229,0.4707207207207207 1.0,1.0,1.0,1.0 1.0,1.0,1.0,1.0 1.0 1 8,4,4,37 
8-3 0.5476190476190477,0.6615646258503401,0.04081632653061229,0.4707207207207207 1.0,1.0,1.0,1.0 1.0,1.0,1.0,1.0 1.0 1 8,4,4,37 
8-5 0.5476190476190477,0.6615646258503401,0.04081632653061229,0.4707207207207207 1.0,1.0,1.0,1.0 1.0,1.0,1.0,1.0 1.0 1 8,4,4,37 
8-7 0.5476190476190477,0.6615646258503401,0.04081632653061229,0.4707207207207207 0.5,0.5,1.0,1.0 1.0,1.0,1.0,1.0 1.0 1 8,4,4,37 
8-8 0.5476190476190477,0.6615646258503401,0.04081632653061229,0.4707207207207207 0.5,0.5,1.0,1.0 1.0,1.0,1.0,1.0 1.0 1 8,4,4,37 
8-10 0.5476190476190477,0.6615646258503401,0.04081632653061229,0.4707207207207207 0.5,0.5,1.0,0.10810810810810811 1.0,1.0,1.0,1.0 1.0 1 8,4,4,37 
8-11 0.5476190476190477,0.6615646258503401,0.04081632653061229,0.4707207207207207 0.5,0.5,1.0,1.0 1.0,1.0,1.0,1.0 1.0 1 8,4,4,37 
8-12 0.5476190476190477,0.6615646258503401,0.04081632653061229,0.4707207207207207 1.0,1.0,1.0,1.0 1.0,1.0,1.0,1.0 1.0 1 8,4,4,37 
8-13 0.5476190476190477,0.6615646258503401,0.04081632653061229,0.4707207207207207 1.0,1.0,1.0,1.0 1.0,1.0,1.0,1.0 1.0 1 8,4,4,37 
9-1 0.030612244897959107,0.6615646258503401,0.04081632653061229,0.04081632653061229,0.08163265306122447,0.08163265306122447,0.08163265306122447,0.08163265306122447,0.08163265306122447,0.08000000000000007,0.08000000000000007,0.08000000000000007,0.08000000000000007,0.08000000000000007,0.07843137254901955 -1,0.5,1.0,0.5,1.0,1.0,1.0,1.0,1.0,1.0,1.0,1.0,1.0,1.0,1.0 1.0,1.0,1.0,1.0,1.0,1.0,1.0,1.0,1.0,1.0,1.0,1.0,1.0,1.0,1.0 0.9333333333333333 1 4,4,4,4,4,4,4,4,4,3,3,3,3,3,2 
9-2 0.030612244897959107,0.6615646258503401,0.04081632653061229,0.04081632653061229,0.08163265306122447,0.08163265306122447,0.08163265306122447,0.08163265306122447,0.08163265306122447,0.08000000000000007,0.08000000000000007,0.08000000000000007,0.08000000000000007,0.08000000000000007,0.07843137254901955 -1,1.0,1.0,1.0,1.0,1.0,1.0,1.0,1.0,1.0,1.0,1.0,1.0,1.0,1.0 1.0,1.0,1.0,1.0,1.0,1.0,1.0,1.0,1.0,1.0,1.0,1.0,1.0,1.0,1.0 0.9333333333333333 1 4,4,4,4,4,4,4,4,4,3,3,3,3,3,2 
9-3 0.030612244897959107,0.6615646258503401,0.04081632653061229,0.04081632653061229,0.08163265306122447,0.08163265306122447,0.08163265306122447,0.08163265306122447,0.08163265306122447,0.08000000000000007,0.08000000000000007,0.08000000000000007,0.08000000000000007,0.08000000000000007,0.07843137254901955 -1,1.0,1.0,1.0,1.0,1.0,1.0,1.0,1.0,1.0,1.0,1.0,1.0,1.0,1.0 1.0,1.0,1.0,1.0,1.0,1.0,1.0,1.0,1.0,1.0,1.0,1.0,1.0,1.0,1.0 0.9333333333333333 1 4,4,4,4,4,4,4,4,4,3,3,3,3,3,2 
9-5 0.030612244897959107,0.6615646258503401,0.04081632653061229,0.04081632653061229,0.08163265306122447,0.08163265306122447,0.08163265306122447,0.08163265306122447,0.08163265306122447,0.08000000000000007,0.08000000000000007,0.08000000000000007,0.08000000000000007,0.08000000000000007,0.07843137254901955 -1,1.0,1.0,1.0,1.0,1.0,1.0,1.0,1.0,1.0,1.0,1.0,1.0,1.0,1.0 1.0,1.0,1.0,1.0,1.0,1.0,1.0,1.0,1.0,1.0,1.0,1.0,1.0,1.0,1.0 0.9333333333333333 1 4,4,4,4,4,4,4,4,4,3,3,3,3,3,2 
9-7 0.030612244897959107,0.6615646258503401,0.04081632653061229,0.04081632653061229,0.08163265306122447,0.08163265306122447,0.08163265306122447,0.08163265306122447,0.08163265306122447,0.08000000000000007,0.08000000000000007,0.08000000000000007,0.08000000000000007,0.08000000000000007,0.07843137254901955 -1,0.5,1.0,0.5,1.0,1.0,1.0,1.0,1.0,1.0,1.0,1.0,1.0,1.0,1.0 1.0,1.0,1.0,1.0,1.0,1.0,1.0,1.0,1.0,1.0,1.0,1.0,1.0,1.0,1.0 0.9333333333333333 1 4,4,4,4,4,4,4,4,4,3,3,3,3,3,2 
9-8 0.030612244897959107,0.6615646258503401,0.04081632653061229,0.04081632653061229,0.08163265306122447,0.08163265306122447,0.08163265306122447,0.08163265306122447,0.08163265306122447,0.08000000000000007,0.08000000000000007,0.08000000000000007,0.08000000000000007,0.08000000000000007,0.07843137254901955 -1,0.5,1.0,0.5,1.0,1.0,1.0,1.0,1.0,1.0,1.0,1.0,1.0,1.0,1.0 1.0,1.0,1.0,1.0,1.0,1.0,1.0,1.0,1.0,1.0,1.0,1.0,1.0,1.0,1.0 0.9333333333333333 1 4,4,4,4,4,4,4,4,4,3,3,3,3,3,2 
9-10 0.030612244897959107,0.6615646258503401,0.04081632653061229,0.04081632653061229,0.08163265306122447,0.08163265306122447,0.08163265306122447,0.08163265306122447,0.08163265306122447,0.08000000000000007,0.08000000000000007,0.08000000000000007,0.08000000000000007,0.08000000000000007,0.07843137254901955 -1,0.5,1.0,0.5,1.0,1.0,1.0,1.0,1.0,1.0,1.0,1.0,1.0,1.0,1.0 1.0,1.0,1.0,1.0,1.0,1.0,1.0,1.0,1.0,1.0,1.0,1.0,1.0,1.0,1.0 0.9333333333333333 1 4,4,4,4,4,4,4,4,4,3,3,3,3,3,2 
9-11 0.030612244897959107,0.6615646258503401,0.04081632653061229,0.04081632653061229,0.08163265306122447,0.08163265306122447,0.08163265306122447,0.08163265306122447,0.08163265306122447,0.08000000000000007,0.08000000000000007,0.08000000000000007,0.08000000000000007,0.08000000000000007,0.07843137254901955 -1,0.5,1.0,0.5,1.0,1.0,1.0,1.0,1.0,1.0,1.0,1.0,1.0,1.0,1.0 1.0,1.0,1.0,1.0,1.0,1.0,1.0,1.0,1.0,1.0,1.0,1.0,1.0,1.0,1.0 0.9333333333333333 1 4,4,4,4,4,4,4,4,4,3,3,3,3,3,2 
9-12 0.030612244897959107,0.6615646258503401,0.04081632653061229,0.04081632653061229,0.08163265306122447,0.08163265306122447,0.08163265306122447,0.08163265306122447,0.08163265306122447,0.08000000000000007,0.08000000000000007,0.08000000000000007,0.08000000000000007,0.08000000000000007,0.07843137254901955 -1,1.0,1.0,1.0,1.0,1.0,1.0,1.0,1.0,1.0,1.0,1.0,1.0,1.0,1.0 1.0,1.0,1.0,1.0,1.0,1.0,1.0,1.0,1.0,1.0,1.0,1.0,1.0,1.0,1.0 0.9333333333333333 1 4,4,4,4,4,4,4,4,4,3,3,3,3,3,2 
9-13 0.030612244897959107,0.6615646258503401,0.04081632653061229,0.04081632653061229,0.08163265306122447,0.08163265306122447,0.08163265306122447,0.08163265306122447,0.08163265306122447,0.08000000000000007,0.08000000000000007,0.08000000000000007,0.08000000000000007,0.08000000000000007,0.07843137254901955 -1,1.0,1.0,1.0,1.0,1.0,1.0,1.0,1.0,1.0,1.0,1.0,1.0,1.0,1.0 1.0,1.0,1.0,1.0,1.0,1.0,1.0,1.0,1.0,1.0,1.0,1.0,1.0,1.0,1.0 0.9333333333333333 1 4,4,4,4,4,4,4,4,4,3,3,3,3,3,2 
10-1 0.030612244897959107,-1,0.04081632653061229,0.04081632653061229,0.08163265306122447,0.08163265306122447,0.08163265306122447,0.08163265306122447,0.08163265306122447,-1,0.08000000000000007,0.08000000000000007,0.08000000000000007,0.08000000000000007,0.08000000000000007,-1,0.07843137254901955,-1 -1,0.5,1.0,0.5,1.0,1.0,1.0,1.0,1.0,0.5,1.0,1.0,1.0,1.0,1.0,0.5,1.0,0.5 1.0,1.0,1.0,1.0,1.0,1.0,1.0,1.0,1.0,1.0,1.0,1.0,1.0,1.0,1.0,1.0,1.0,1.0 0.7222222222222222 1 4,1,4,4,4,4,4,4,4,1,3,3,3,3,3,1,2,1 
10-2 0.030612244897959107,-1,0.04081632653061229,0.04081632653061229,0.08163265306122447,0.08163265306122447,0.08163265306122447,0.08163265306122447,0.08163265306122447,-1,0.08000000000000007,0.08000000000000007,0.08000000000000007,0.08000000000000007,0.08000000000000007,-1,0.07843137254901955,-1 -1,1.0,1.0,1.0,1.0,1.0,1.0,1.0,1.0,1.0,1.0,1.0,1.0,1.0,1.0,1.0,1.0,1.0 1.0,1.0,1.0,1.0,1.0,1.0,1.0,1.0,1.0,1.0,1.0,1.0,1.0,1.0,1.0,1.0,1.0,1.0 0.7222222222222222 1 4,1,4,4,4,4,4,4,4,1,3,3,3,3,3,1,2,1 
10-3 0.030612244897959107,-1,0.04081632653061229,0.04081632653061229,0.08163265306122447,0.08163265306122447,0.08163265306122447,0.08163265306122447,0.08163265306122447,-1,0.08000000000000007,0.08000000000000007,0.08000000000000007,0.08000000000000007,0.08000000000000007,-1,0.07843137254901955,-1 -1,1.0,1.0,1.0,1.0,1.0,1.0,1.0,1.0,1.0,1.0,1.0,1.0,1.0,1.0,1.0,1.0,1.0 1.0,1.0,1.0,1.0,1.0,1.0,1.0,1.0,1.0,1.0,1.0,1.0,1.0,1.0,1.0,1.0,1.0,1.0 0.7222222222222222 1 4,1,4,4,4,4,4,4,4,1,3,3,3,3,3,1,2,1 
10-5 0.030612244897959107,-1,0.04081632653061229,0.04081632653061229,0.08163265306122447,0.08163265306122447,0.08163265306122447,0.08163265306122447,0.08163265306122447,-1,0.08000000000000007,0.08000000000000007,0.08000000000000007,0.08000000000000007,0.08000000000000007,-1,0.07843137254901955,-1 -1,1.0,1.0,1.0,1.0,1.0,1.0,1.0,1.0,1.0,1.0,1.0,1.0,1.0,1.0,1.0,1.0,1.0 1.0,1.0,1.0,1.0,1.0,1.0,1.0,1.0,1.0,1.0,1.0,1.0,1.0,1.0,1.0,1.0,1.0,1.0 0.7222222222222222 1 4,1,4,4,4,4,4,4,4,1,3,3,3,3,3,1,2,1 
10-7 0.030612244897959107,-1,0.04081632653061229,0.04081632653061229,0.08163265306122447,0.08163265306122447,0.08163265306122447,0.08163265306122447,0.08163265306122447,-1,0.08000000000000007,0.08000000000000007,0.08000000000000007,0.08000000000000007,0.08000000000000007,-1,0.07843137254901955,-1 -1,0.5,1.0,0.5,1.0,1.0,1.0,1.0,1.0,0.5,1.0,1.0,1.0,1.0,1.0,0.5,1.0,0.5 1.0,1.0,1.0,1.0,1.0,1.0,1.0,1.0,1.0,1.0,1.0,1.0,1.0,1.0,1.0,1.0,1.0,1.0 0.7222222222222222 1 4,1,4,4,4,4,4,4,4,1,3,3,3,3,3,1,2,1 
10-8 0.030612244897959107,-1,0.04081632653061229,0.04081632653061229,0.08163265306122447,0.08163265306122447,0.08163265306122447,0.08163265306122447,0.08163265306122447,-1,0.08000000000000007,0.08000000000000007,0.08000000000000007,0.08000000000000007,0.08000000000000007,-1,0.07843137254901955,-1 -1,0.5,1.0,0.5,1.0,1.0,1.0,1.0,1.0,0.5,1.0,1.0,1.0,1.0,1.0,0.5,1.0,0.5 1.0,1.0,1.0,1.0,1.0,1.0,1.0,1.0,1.0,1.0,1.0,1.0,1.0,1.0,1.0,1.0,1.0,1.0 0.7222222222222222 1 4,1,4,4,4,4,4,4,4,1,3,3,3,3,3,1,2,1 
10-10 0.030612244897959107,-1,0.04081632653061229,0.04081632653061229,0.08163265306122447,0.08163265306122447,0.08163265306122447,0.08163265306122447,0.08163265306122447,-1,0.08000000000000007,0.08000000000000007,0.08000000000000007,0.08000000000000007,0.08000000000000007,-1,0.07843137254901955,-1 -1,0.5,1.0,0.5,1.0,1.0,1.0,1.0,1.0,0.5,1.0,1.0,1.0,1.0,1.0,0.5,1.0,0.5 1.0,1.0,1.0,1.0,1.0,1.0,1.0,1.0,1.0,1.0,1.0,1.0,1.0,1.0,1.0,1.0,1.0,1.0 0.7222222222222222 1 4,1,4,4,4,4,4,4,4,1,3,3,3,3,3,1,2,1 
10-11 0.030612244897959107,-1,0.04081632653061229,0.04081632653061229,0.08163265306122447,0.08163265306122447,0.08163265306122447,0.08163265306122447,0.08163265306122447,-1,0.08000000000000007,0.08000000000000007,0.08000000000000007,0.08000000000000007,0.08000000000000007,-1,0.07843137254901955,-1 -1,0.5,1.0,0.5,1.0,1.0,1.0,1.0,1.0,0.5,1.0,1.0,1.0,1.0,1.0,0.5,1.0,0.5 1.0,1.0,1.0,1.0,1.0,1.0,1.0,1.0,1.0,1.0,1.0,1.0,1.0,1.0,1.0,1.0,1.0,1.0 0.7222222222222222 1 4,1,4,4,4,4,4,4,4,1,3,3,3,3,3,1,2,1 
10-12 0.030612244897959107,-1,0.04081632653061229,0.04081632653061229,0.08163265306122447,0.08163265306122447,0.08163265306122447,0.08163265306122447,0.08163265306122447,-1,0.08000000000000007,0.08000000000000007,0.08000000000000007,0.08000000000000007,0.08000000000000007,-1,0.07843137254901955,-1 -1,1.0,1.0,1.0,1.0,1.0,1.0,1.0,1.0,1.0,1.0,1.0,1.0,1.0,1.0,1.0,1.0,1.0 1.0,1.0,1.0,1.0,1.0,1.0,1.0,1.0,1.0,1.0,1.0,1.0,1.0,1.0,1.0,1.0,1.0,1.0 0.7222222222222222 1 4,1,4,4,4,4,4,4,4,1,3,3,3,3,3,1,2,1 
10-13 0.030612244897959107,-1,0.04081632653061229,0.04081632653061229,0.08163265306122447,0.08163265306122447,0.08163265306122447,0.08163265306122447,0.08163265306122447,-1,0.08000000000000007,0.08000000000000007,0.08000000000000007,0.08000000000000007,0.08000000000000007,-1,0.07843137254901955,-1 -1,1.0,1.0,1.0,1.0,1.0,1.0,1.0,1.0,1.0,1.0,1.0,1.0,1.0,1.0,1.0,1.0,1.0 1.0,1.0,1.0,1.0,1.0,1.0,1.0,1.0,1.0,1.0,1.0,1.0,1.0,1.0,1.0,1.0,1.0,1.0 0.7222222222222222 1 4,1,4,4,4,4,4,4,4,1,3,3,3,3,3,1,2,1 
11-1 0.3434343434343434,0.6615646258503401,0.04081632653061229 0.8222222222222222,0.5,1.0 0.730909090909091,1.0,1.0 1.0 1 45,4,4 
11-2 0.3434343434343434,0.6615646258503401,0.04081632653061229 1.0,1.0,1.0 0.730909090909091,1.0,1.0 1.0 1 45,4,4 
11-3 0.3434343434343434,0.6615646258503401,0.04081632653061229 1.0,1.0,1.0 0.730909090909091,1.0,1.0 1.0 1 45,4,4 
11-5 0.3434343434343434,0.6615646258503401,0.04081632653061229 1.0,1.0,1.0 0.730909090909091,1.0,1.0 1.0 1 45,4,4 
11-7 0.3434343434343434,0.6615646258503401,0.04081632653061229 0.8222222222222222,0.5,1.0 0.730909090909091,1.0,1.0 1.0 1 45,4,4 
11-8 0.3434343434343434,0.6615646258503401,0.04081632653061229 0.8222222222222222,0.5,1.0 0.730909090909091,1.0,1.0 1.0 1 45,4,4 
11-10 0.3434343434343434,0.6615646258503401,0.04081632653061229 0.08888888888888889,0.5,1.0 0.730909090909091,1.0,1.0 1.0 1 45,4,4 
11-11 0.3434343434343434,0.6615646258503401,0.04081632653061229 0.9111111111111111,0.5,1.0 0.730909090909091,1.0,1.0 1.0 1 45,4,4 
11-12 0.3434343434343434,0.6615646258503401,0.04081632653061229 1.0,1.0,1.0 0.730909090909091,1.0,1.0 1.0 1 45,4,4 
11-13 0.3434343434343434,0.6615646258503401,0.04081632653061229 1.0,1.0,1.0 0.730909090909091,1.0,1.0 1.0 1 45,4,4 
12-1 0.9064625850340136,-1,-1,-1,-1 0.8367346938775511,0.5,0.5,0.5,0.5 0.7439703153988868,1.0,1.0,1.0,1.0 0.19999999999999996 1 49,1,1,1,1 
12-2 0.9064625850340136,-1,-1,-1,-1 1.0,1.0,1.0,1.0,1.0 0.7439703153988868,1.0,1.0,1.0,1.0 0.19999999999999996 1 49,1,1,1,1 
12-3 0.9064625850340136,-1,-1,-1,-1 1.0,1.0,1.0,1.0,1.0 0.7439703153988868,1.0,1.0,1.0,1.0 0.19999999999999996 1 49,1,1,1,1 
12-5 0.9064625850340136,-1,-1,-1,-1 1.0,1.0,1.0,1.0,1.0 0.7439703153988868,1.0,1.0,1.0,1.0 0.19999999999999996 1 49,1,1,1,1 
12-7 0.9064625850340136,-1,-1,-1,-1 0.8367346938775511,0.5,0.5,0.5,0.5 0.7439703153988868,1.0,1.0,1.0,1.0 0.19999999999999996 1 49,1,1,1,1 
12-8 0.9064625850340136,-1,-1,-1,-1 0.8367346938775511,0.5,0.5,0.5,0.5 0.7439703153988868,1.0,1.0,1.0,1.0 0.19999999999999996 1 49,1,1,1,1 
12-10 0.9064625850340136,-1,-1,-1,-1 0.08163265306122448,0.5,0.5,0.5,0.5 0.7439703153988868,1.0,1.0,1.0,1.0 0.19999999999999996 1 49,1,1,1,1 
12-11 0.9064625850340136,-1,-1,-1,-1 0.9183673469387755,0.5,0.5,0.5,0.5 0.7439703153988868,1.0,1.0,1.0,1.0 0.19999999999999996 1 49,1,1,1,1 
12-12 0.9064625850340136,-1,-1,-1,-1 1.0,1.0,1.0,1.0,1.0 0.7439703153988868,1.0,1.0,1.0,1.0 0.19999999999999996 1 49,1,1,1,1 
12-13 0.9064625850340136,-1,-1,-1,-1 1.0,1.0,1.0,1.0,1.0 0.7439703153988868,1.0,1.0,1.0,1.0 0.19999999999999996 1 49,1,1,1,1 
13-1 0.9064625850340136,-1,-1,-1,-1 0.8367346938775511,0.5,0.5,0.5,0.5 0.7439703153988868,1.0,1.0,1.0,1.0 0.19999999999999996 1 49,1,1,1,1 
13-2 0.9064625850340136,-1,-1,-1,-1 1.0,1.0,1.0,1.0,1.0 0.7439703153988868,1.0,1.0,1.0,1.0 0.19999999999999996 1 49,1,1,1,1 
13-3 0.9064625850340136,-1,-1,-1,-1 1.0,1.0,1.0,1.0,1.0 0.7439703153988868,1.0,1.0,1.0,1.0 0.19999999999999996 1 49,1,1,1,1 
13-5 0.9064625850340136,-1,-1,-1,-1 1.0,1.0,1.0,1.0,1.0 0.7439703153988868,1.0,1.0,1.0,1.0 0.19999999999999996 1 49,1,1,1,1 
13-7 0.9064625850340136,-1,-1,-1,-1 0.8367346938775511,0.5,0.5,0.5,0.5 0.7439703153988868,1.0,1.0,1.0,1.0 0.19999999999999996 1 49,1,1,1,1 
13-8 0.9064625850340136,-1,-1,-1,-1 0.8367346938775511,0.5,0.5,0.5,0.5 0.7439703153988868,1.0,1.0,1.0,1.0 0.19999999999999996 1 49,1,1,1,1 
13-10 0.9064625850340136,-1,-1,-1,-1 0.08163265306122448,0.5,0.5,0.5,0.5 0.7439703153988868,1.0,1.0,1.0,1.0 0.19999999999999996 1 49,1,1,1,1 
13-11 0.9064625850340136,-1,-1,-1,-1 0.9183673469387755,0.5,0.5,0.5,0.5 0.7439703153988868,1.0,1.0,1.0,1.0 0.19999999999999996 1 49,1,1,1,1 
13-12 0.9064625850340136,-1,-1,-1,-1 1.0,1.0,1.0,1.0,1.0 0.7439703153988868,1.0,1.0,1.0,1.0 0.19999999999999996 1 49,1,1,1,1 
13-13 0.9064625850340136,-1,-1,-1,-1 1.0,1.0,1.0,1.0,1.0 0.7439703153988868,1.0,1.0,1.0,1.0 0.19999999999999996 1 49,1,1,1,1 
