0-0 -2 1.0 0.8156924575111874 1.0 -1 59 
0-6 -2 1.0 0.8156924575111874 1.0 -1 59 
0-7 -2 1.0 0.8156924575111874 1.0 -1 59 
0-8 -2 1.0 0.8156924575111874 1.0 -1 59 
0-14 -2 0.5217391304347826 0.8156924575111874 1.0 -1 59 
0-15 -2 0.5217391304347826 0.8156924575111874 1.0 -1 59 
0-16 -2 0.5217391304347826 0.8156924575111874 1.0 -1 59 
0-17 -2 0.5217391304347826 0.8156924575111874 1.0 -1 59 
0-22 -2 0.5217391304347826 0.8156924575111874 1.0 -1 59 
0-23 -2 0.5217391304347826 0.8156924575111874 1.0 -1 59 
0-24 -2 0.5217391304347826 0.8156924575111874 1.0 -1 59 
0-25 -2 0.5217391304347826 0.8156924575111874 1.0 -1 59 
0-27 -2 1.0 0.8156924575111874 1.0 -1 59 
0-28 -2 1.0 0.8156924575111874 1.0 -1 59 
0-29 -2 0.08695652173913043 0.8156924575111874 1.0 -1 59 
0-30 -2 0.08695652173913043 0.8156924575111874 1.0 -1 59 
0-31 -2 0.08695652173913043 0.8156924575111874 1.0 -1 59 
0-33 -2 1.0 0.8156924575111874 1.0 -1 59 
0-34 -2 0.5217391304347826 0.8156924575111874 1.0 -1 59 
6-0 0.643256464011181,0.6444444444444444 1.0,1.0 0.8257587272635152,0.8613333333333333 1.0 1 54,5 
6-6 0.643256464011181,0.6444444444444444 1.0,1.0 0.8257587272635152,0.8613333333333333 1.0 1 54,5 
6-7 0.643256464011181,0.6444444444444444 1.0,1.0 0.8257587272635152,0.8613333333333333 1.0 1 54,5 
6-8 0.643256464011181,0.6444444444444444 1.0,1.0 0.8257587272635152,0.8613333333333333 1.0 1 54,5 
6-14 0.643256464011181,0.6444444444444444 0.5,1.0 0.8257587272635152,0.8613333333333333 1.0 1 54,5 
6-15 0.643256464011181,0.6444444444444444 0.5,1.0 0.8257587272635152,0.8613333333333333 1.0 1 54,5 
6-16 0.643256464011181,0.6444444444444444 0.5,1.0 0.8257587272635152,0.8613333333333333 1.0 1 54,5 
6-17 0.643256464011181,0.6444444444444444 0.5,1.0 0.8257587272635152,0.8613333333333333 1.0 1 54,5 
6-22 0.643256464011181,0.6444444444444444 0.5,1.0 0.8257587272635152,0.8613333333333333 1.0 1 54,5 
6-23 0.643256464011181,0.6444444444444444 0.5,1.0 0.8257587272635152,0.8613333333333333 1.0 1 54,5 
6-24 0.643256464011181,0.6444444444444444 0.5,1.0 0.8257587272635152,0.8613333333333333 1.0 1 54,5 
6-25 0.643256464011181,0.6444444444444444 0.5,1.0 0.8257587272635152,0.8613333333333333 1.0 1 54,5 
6-27 0.643256464011181,0.6444444444444444 1.0,1.0 0.8257587272635152,0.8613333333333333 1.0 1 54,5 
6-28 0.643256464011181,0.6444444444444444 1.0,1.0 0.8257587272635152,0.8613333333333333 1.0 1 54,5 
6-29 0.643256464011181,0.6444444444444444 0.09090909090909091,1.0 0.8257587272635152,0.8613333333333333 1.0 1 54,5 
6-30 0.643256464011181,0.6444444444444444 0.09090909090909091,1.0 0.8257587272635152,0.8613333333333333 1.0 1 54,5 
6-31 0.643256464011181,0.6444444444444444 0.045454545454545456,1.0 0.8257587272635152,0.8613333333333333 1.0 1 54,5 
6-33 0.643256464011181,0.6444444444444444 1.0,1.0 0.8257587272635152,0.8613333333333333 1.0 1 54,5 
6-34 0.643256464011181,0.6444444444444444 0.5,1.0 0.8257587272635152,0.8613333333333333 1.0 1 54,5 
7-0 0.7719727891156463,-1,-1,-1,-1,-1,-1,-1,-1,-1 1.0,-1,-1,-1,-1,-1,-1,-1,-1,-1 0.8147742818057455,1.0,1.0,1.0,1.0,1.0,1.0,1.0,1.0,1.0 0.09999999999999998 1 50,1,1,1,1,1,1,1,1,1 
7-6 0.7719727891156463,-1,-1,-1,-1,-1,-1,-1,-1,-1 1.0,-1,-1,-1,-1,-1,-1,-1,-1,-1 0.8147742818057455,1.0,1.0,1.0,1.0,1.0,1.0,1.0,1.0,1.0 0.09999999999999998 1 50,1,1,1,1,1,1,1,1,1 
7-7 0.7719727891156463,-1,-1,-1,-1,-1,-1,-1,-1,-1 1.0,-1,-1,-1,-1,-1,-1,-1,-1,-1 0.8147742818057455,1.0,1.0,1.0,1.0,1.0,1.0,1.0,1.0,1.0 0.09999999999999998 1 50,1,1,1,1,1,1,1,1,1 
7-8 0.7719727891156463,-1,-1,-1,-1,-1,-1,-1,-1,-1 1.0,-1,-1,-1,-1,-1,-1,-1,-1,-1 0.8147742818057455,1.0,1.0,1.0,1.0,1.0,1.0,1.0,1.0,1.0 0.09999999999999998 1 50,1,1,1,1,1,1,1,1,1 
7-14 0.7719727891156463,-1,-1,-1,-1,-1,-1,-1,-1,-1 0.5217391304347826,-1,-1,-1,-1,-1,-1,-1,-1,-1 0.8147742818057455,1.0,1.0,1.0,1.0,1.0,1.0,1.0,1.0,1.0 0.09999999999999998 1 50,1,1,1,1,1,1,1,1,1 
7-15 0.7719727891156463,-1,-1,-1,-1,-1,-1,-1,-1,-1 0.5217391304347826,-1,-1,-1,-1,-1,-1,-1,-1,-1 0.8147742818057455,1.0,1.0,1.0,1.0,1.0,1.0,1.0,1.0,1.0 0.09999999999999998 1 50,1,1,1,1,1,1,1,1,1 
7-16 0.7719727891156463,-1,-1,-1,-1,-1,-1,-1,-1,-1 0.5217391304347826,-1,-1,-1,-1,-1,-1,-1,-1,-1 0.8147742818057455,1.0,1.0,1.0,1.0,1.0,1.0,1.0,1.0,1.0 0.09999999999999998 1 50,1,1,1,1,1,1,1,1,1 
7-17 0.7719727891156463,-1,-1,-1,-1,-1,-1,-1,-1,-1 0.5217391304347826,-1,-1,-1,-1,-1,-1,-1,-1,-1 0.8147742818057455,1.0,1.0,1.0,1.0,1.0,1.0,1.0,1.0,1.0 0.09999999999999998 1 50,1,1,1,1,1,1,1,1,1 
7-22 0.7719727891156463,-1,-1,-1,-1,-1,-1,-1,-1,-1 0.5217391304347826,-1,-1,-1,-1,-1,-1,-1,-1,-1 0.8147742818057455,1.0,1.0,1.0,1.0,1.0,1.0,1.0,1.0,1.0 0.09999999999999998 1 50,1,1,1,1,1,1,1,1,1 
7-23 0.7719727891156463,-1,-1,-1,-1,-1,-1,-1,-1,-1 0.5217391304347826,-1,-1,-1,-1,-1,-1,-1,-1,-1 0.8147742818057455,1.0,1.0,1.0,1.0,1.0,1.0,1.0,1.0,1.0 0.09999999999999998 1 50,1,1,1,1,1,1,1,1,1 
7-24 0.7719727891156463,-1,-1,-1,-1,-1,-1,-1,-1,-1 0.5217391304347826,-1,-1,-1,-1,-1,-1,-1,-1,-1 0.8147742818057455,1.0,1.0,1.0,1.0,1.0,1.0,1.0,1.0,1.0 0.09999999999999998 1 50,1,1,1,1,1,1,1,1,1 
7-25 0.7719727891156463,-1,-1,-1,-1,-1,-1,-1,-1,-1 0.5217391304347826,-1,-1,-1,-1,-1,-1,-1,-1,-1 0.8147742818057455,1.0,1.0,1.0,1.0,1.0,1.0,1.0,1.0,1.0 0.09999999999999998 1 50,1,1,1,1,1,1,1,1,1 
7-27 0.7719727891156463,-1,-1,-1,-1,-1,-1,-1,-1,-1 1.0,-1,-1,-1,-1,-1,-1,-1,-1,-1 0.8147742818057455,1.0,1.0,1.0,1.0,1.0,1.0,1.0,1.0,1.0 0.09999999999999998 1 50,1,1,1,1,1,1,1,1,1 
7-28 0.7719727891156463,-1,-1,-1,-1,-1,-1,-1,-1,-1 1.0,-1,-1,-1,-1,-1,-1,-1,-1,-1 0.8147742818057455,1.0,1.0,1.0,1.0,1.0,1.0,1.0,1.0,1.0 0.09999999999999998 1 50,1,1,1,1,1,1,1,1,1 
7-29 0.7719727891156463,-1,-1,-1,-1,-1,-1,-1,-1,-1 0.08695652173913043,-1,-1,-1,-1,-1,-1,-1,-1,-1 0.8147742818057455,1.0,1.0,1.0,1.0,1.0,1.0,1.0,1.0,1.0 0.09999999999999998 1 50,1,1,1,1,1,1,1,1,1 
7-30 0.7719727891156463,-1,-1,-1,-1,-1,-1,-1,-1,-1 0.08695652173913043,-1,-1,-1,-1,-1,-1,-1,-1,-1 0.8147742818057455,1.0,1.0,1.0,1.0,1.0,1.0,1.0,1.0,1.0 0.09999999999999998 1 50,1,1,1,1,1,1,1,1,1 
7-31 0.7719727891156463,-1,-1,-1,-1,-1,-1,-1,-1,-1 0.08695652173913043,-1,-1,-1,-1,-1,-1,-1,-1,-1 0.8147742818057455,1.0,1.0,1.0,1.0,1.0,1.0,1.0,1.0,1.0 0.09999999999999998 1 50,1,1,1,1,1,1,1,1,1 
7-33 0.7719727891156463,-1,-1,-1,-1,-1,-1,-1,-1,-1 1.0,-1,-1,-1,-1,-1,-1,-1,-1,-1 0.8147742818057455,1.0,1.0,1.0,1.0,1.0,1.0,1.0,1.0,1.0 0.09999999999999998 1 50,1,1,1,1,1,1,1,1,1 
7-34 0.7719727891156463,-1,-1,-1,-1,-1,-1,-1,-1,-1 0.5217391304347826,-1,-1,-1,-1,-1,-1,-1,-1,-1 0.8147742818057455,1.0,1.0,1.0,1.0,1.0,1.0,1.0,1.0,1.0 0.09999999999999998 1 50,1,1,1,1,1,1,1,1,1 
8-0 0.5811786252962723,0.5645604395604396 1.0,-1 0.8259497000947069,0.900952380952381 1.0 1 52,7 
8-6 0.5811786252962723,0.5645604395604396 1.0,-1 0.8259497000947069,0.900952380952381 1.0 1 52,7 
8-7 0.5811786252962723,0.5645604395604396 1.0,-1 0.8259497000947069,0.900952380952381 1.0 1 52,7 
8-8 0.5811786252962723,0.5645604395604396 1.0,-1 0.8259497000947069,0.900952380952381 1.0 1 52,7 
8-14 0.5811786252962723,0.5645604395604396 0.5217391304347826,-1 0.8259497000947069,0.900952380952381 1.0 1 52,7 
8-15 0.5811786252962723,0.5645604395604396 0.5217391304347826,-1 0.8259497000947069,0.900952380952381 1.0 1 52,7 
8-16 0.5811786252962723,0.5645604395604396 0.5217391304347826,-1 0.8259497000947069,0.900952380952381 1.0 1 52,7 
8-17 0.5811786252962723,0.5645604395604396 0.5217391304347826,-1 0.8259497000947069,0.900952380952381 1.0 1 52,7 
8-22 0.5811786252962723,0.5645604395604396 0.5217391304347826,-1 0.8259497000947069,0.900952380952381 1.0 1 52,7 
8-23 0.5811786252962723,0.5645604395604396 0.5217391304347826,-1 0.8259497000947069,0.900952380952381 1.0 1 52,7 
8-24 0.5811786252962723,0.5645604395604396 0.5217391304347826,-1 0.8259497000947069,0.900952380952381 1.0 1 52,7 
8-25 0.5811786252962723,0.5645604395604396 0.5217391304347826,-1 0.8259497000947069,0.900952380952381 1.0 1 52,7 
8-27 0.5811786252962723,0.5645604395604396 1.0,-1 0.8259497000947069,0.900952380952381 1.0 1 52,7 
8-28 0.5811786252962723,0.5645604395604396 1.0,-1 0.8259497000947069,0.900952380952381 1.0 1 52,7 
8-29 0.5811786252962723,0.5645604395604396 0.08695652173913043,-1 0.8259497000947069,0.900952380952381 1.0 1 52,7 
8-30 0.5811786252962723,0.5645604395604396 0.08695652173913043,-1 0.8259497000947069,0.900952380952381 1.0 1 52,7 
8-31 0.5811786252962723,0.5645604395604396 0.08695652173913043,-1 0.8259497000947069,0.900952380952381 1.0 1 52,7 
8-33 0.5811786252962723,0.5645604395604396 1.0,-1 0.8259497000947069,0.900952380952381 1.0 1 52,7 
8-34 0.5811786252962723,0.5645604395604396 0.5217391304347826,-1 0.8259497000947069,0.900952380952381 1.0 1 52,7 
14-0 -2 1.0 0.8156924575111874 1.0 -1 59 
14-6 -2 1.0 0.8156924575111874 1.0 -1 59 
14-7 -2 1.0 0.8156924575111874 1.0 -1 59 
14-8 -2 1.0 0.8156924575111874 1.0 -1 59 
14-14 -2 0.5217391304347826 0.8156924575111874 1.0 -1 59 
14-15 -2 0.5217391304347826 0.8156924575111874 1.0 -1 59 
14-16 -2 0.5217391304347826 0.8156924575111874 1.0 -1 59 
14-17 -2 0.5217391304347826 0.8156924575111874 1.0 -1 59 
14-22 -2 0.5217391304347826 0.8156924575111874 1.0 -1 59 
14-23 -2 0.5217391304347826 0.8156924575111874 1.0 -1 59 
14-24 -2 0.5217391304347826 0.8156924575111874 1.0 -1 59 
14-25 -2 0.5217391304347826 0.8156924575111874 1.0 -1 59 
14-27 -2 1.0 0.8156924575111874 1.0 -1 59 
14-28 -2 1.0 0.8156924575111874 1.0 -1 59 
14-29 -2 0.08695652173913043 0.8156924575111874 1.0 -1 59 
14-30 -2 0.08695652173913043 0.8156924575111874 1.0 -1 59 
14-31 -2 0.08695652173913043 0.8156924575111874 1.0 -1 59 
14-33 -2 1.0 0.8156924575111874 1.0 -1 59 
14-34 -2 0.5217391304347826 0.8156924575111874 1.0 -1 59 
15-0 -2 1.0 0.8156924575111874 1.0 -1 59 
15-6 -2 1.0 0.8156924575111874 1.0 -1 59 
15-7 -2 1.0 0.8156924575111874 1.0 -1 59 
15-8 -2 1.0 0.8156924575111874 1.0 -1 59 
15-14 -2 0.5217391304347826 0.8156924575111874 1.0 -1 59 
15-15 -2 0.5217391304347826 0.8156924575111874 1.0 -1 59 
15-16 -2 0.5217391304347826 0.8156924575111874 1.0 -1 59 
15-17 -2 0.5217391304347826 0.8156924575111874 1.0 -1 59 
15-22 -2 0.5217391304347826 0.8156924575111874 1.0 -1 59 
15-23 -2 0.5217391304347826 0.8156924575111874 1.0 -1 59 
15-24 -2 0.5217391304347826 0.8156924575111874 1.0 -1 59 
15-25 -2 0.5217391304347826 0.8156924575111874 1.0 -1 59 
15-27 -2 1.0 0.8156924575111874 1.0 -1 59 
15-28 -2 1.0 0.8156924575111874 1.0 -1 59 
15-29 -2 0.08695652173913043 0.8156924575111874 1.0 -1 59 
15-30 -2 0.08695652173913043 0.8156924575111874 1.0 -1 59 
15-31 -2 0.08695652173913043 0.8156924575111874 1.0 -1 59 
15-33 -2 1.0 0.8156924575111874 1.0 -1 59 
15-34 -2 0.5217391304347826 0.8156924575111874 1.0 -1 59 
16-0 -2 1.0 0.8156924575111874 1.0 -1 59 
16-6 -2 1.0 0.8156924575111874 1.0 -1 59 
16-7 -2 1.0 0.8156924575111874 1.0 -1 59 
16-8 -2 1.0 0.8156924575111874 1.0 -1 59 
16-14 -2 0.5217391304347826 0.8156924575111874 1.0 -1 59 
16-15 -2 0.5217391304347826 0.8156924575111874 1.0 -1 59 
16-16 -2 0.5217391304347826 0.8156924575111874 1.0 -1 59 
16-17 -2 0.5217391304347826 0.8156924575111874 1.0 -1 59 
16-22 -2 0.5217391304347826 0.8156924575111874 1.0 -1 59 
16-23 -2 0.5217391304347826 0.8156924575111874 1.0 -1 59 
16-24 -2 0.5217391304347826 0.8156924575111874 1.0 -1 59 
16-25 -2 0.5217391304347826 0.8156924575111874 1.0 -1 59 
16-27 -2 1.0 0.8156924575111874 1.0 -1 59 
16-28 -2 1.0 0.8156924575111874 1.0 -1 59 
16-29 -2 0.08695652173913043 0.8156924575111874 1.0 -1 59 
16-30 -2 0.08695652173913043 0.8156924575111874 1.0 -1 59 
16-31 -2 0.08695652173913043 0.8156924575111874 1.0 -1 59 
16-33 -2 1.0 0.8156924575111874 1.0 -1 59 
16-34 -2 0.5217391304347826 0.8156924575111874 1.0 -1 59 
17-0 -2 1.0 0.8156924575111874 1.0 -1 59 
17-6 -2 1.0 0.8156924575111874 1.0 -1 59 
17-7 -2 1.0 0.8156924575111874 1.0 -1 59 
17-8 -2 1.0 0.8156924575111874 1.0 -1 59 
17-14 -2 0.5217391304347826 0.8156924575111874 1.0 -1 59 
17-15 -2 0.5217391304347826 0.8156924575111874 1.0 -1 59 
17-16 -2 0.5217391304347826 0.8156924575111874 1.0 -1 59 
17-17 -2 0.5217391304347826 0.8156924575111874 1.0 -1 59 
17-22 -2 0.5217391304347826 0.8156924575111874 1.0 -1 59 
17-23 -2 0.5217391304347826 0.8156924575111874 1.0 -1 59 
17-24 -2 0.5217391304347826 0.8156924575111874 1.0 -1 59 
17-25 -2 0.5217391304347826 0.8156924575111874 1.0 -1 59 
17-27 -2 1.0 0.8156924575111874 1.0 -1 59 
17-28 -2 1.0 0.8156924575111874 1.0 -1 59 
17-29 -2 0.08695652173913043 0.8156924575111874 1.0 -1 59 
17-30 -2 0.08695652173913043 0.8156924575111874 1.0 -1 59 
17-31 -2 0.08695652173913043 0.8156924575111874 1.0 -1 59 
17-33 -2 1.0 0.8156924575111874 1.0 -1 59 
17-34 -2 0.5217391304347826 0.8156924575111874 1.0 -1 59 
22-0 -2 1.0 0.8156924575111874 1.0 -1 59 
22-6 -2 1.0 0.8156924575111874 1.0 -1 59 
22-7 -2 1.0 0.8156924575111874 1.0 -1 59 
22-8 -2 1.0 0.8156924575111874 1.0 -1 59 
22-14 -2 0.5217391304347826 0.8156924575111874 1.0 -1 59 
22-15 -2 0.5217391304347826 0.8156924575111874 1.0 -1 59 
22-16 -2 0.5217391304347826 0.8156924575111874 1.0 -1 59 
22-17 -2 0.5217391304347826 0.8156924575111874 1.0 -1 59 
22-22 -2 0.5217391304347826 0.8156924575111874 1.0 -1 59 
22-23 -2 0.5217391304347826 0.8156924575111874 1.0 -1 59 
22-24 -2 0.5217391304347826 0.8156924575111874 1.0 -1 59 
22-25 -2 0.5217391304347826 0.8156924575111874 1.0 -1 59 
22-27 -2 1.0 0.8156924575111874 1.0 -1 59 
22-28 -2 1.0 0.8156924575111874 1.0 -1 59 
22-29 -2 0.08695652173913043 0.8156924575111874 1.0 -1 59 
22-30 -2 0.08695652173913043 0.8156924575111874 1.0 -1 59 
22-31 -2 0.08695652173913043 0.8156924575111874 1.0 -1 59 
22-33 -2 1.0 0.8156924575111874 1.0 -1 59 
22-34 -2 0.5217391304347826 0.8156924575111874 1.0 -1 59 
23-0 -2 1.0 0.8156924575111874 1.0 -1 59 
23-6 -2 1.0 0.8156924575111874 1.0 -1 59 
23-7 -2 1.0 0.8156924575111874 1.0 -1 59 
23-8 -2 1.0 0.8156924575111874 1.0 -1 59 
23-14 -2 0.5217391304347826 0.8156924575111874 1.0 -1 59 
23-15 -2 0.5217391304347826 0.8156924575111874 1.0 -1 59 
23-16 -2 0.5217391304347826 0.8156924575111874 1.0 -1 59 
23-17 -2 0.5217391304347826 0.8156924575111874 1.0 -1 59 
23-22 -2 0.5217391304347826 0.8156924575111874 1.0 -1 59 
23-23 -2 0.5217391304347826 0.8156924575111874 1.0 -1 59 
23-24 -2 0.5217391304347826 0.8156924575111874 1.0 -1 59 
23-25 -2 0.5217391304347826 0.8156924575111874 1.0 -1 59 
23-27 -2 1.0 0.8156924575111874 1.0 -1 59 
23-28 -2 1.0 0.8156924575111874 1.0 -1 59 
23-29 -2 0.08695652173913043 0.8156924575111874 1.0 -1 59 
23-30 -2 0.08695652173913043 0.8156924575111874 1.0 -1 59 
23-31 -2 0.08695652173913043 0.8156924575111874 1.0 -1 59 
23-33 -2 1.0 0.8156924575111874 1.0 -1 59 
23-34 -2 0.5217391304347826 0.8156924575111874 1.0 -1 59 
24-0 -2 1.0 0.8156924575111874 1.0 -1 59 
24-6 -2 1.0 0.8156924575111874 1.0 -1 59 
24-7 -2 1.0 0.8156924575111874 1.0 -1 59 
24-8 -2 1.0 0.8156924575111874 1.0 -1 59 
24-14 -2 0.5217391304347826 0.8156924575111874 1.0 -1 59 
24-15 -2 0.5217391304347826 0.8156924575111874 1.0 -1 59 
24-16 -2 0.5217391304347826 0.8156924575111874 1.0 -1 59 
24-17 -2 0.5217391304347826 0.8156924575111874 1.0 -1 59 
24-22 -2 0.5217391304347826 0.8156924575111874 1.0 -1 59 
24-23 -2 0.5217391304347826 0.8156924575111874 1.0 -1 59 
24-24 -2 0.5217391304347826 0.8156924575111874 1.0 -1 59 
24-25 -2 0.5217391304347826 0.8156924575111874 1.0 -1 59 
24-27 -2 1.0 0.8156924575111874 1.0 -1 59 
24-28 -2 1.0 0.8156924575111874 1.0 -1 59 
24-29 -2 0.08695652173913043 0.8156924575111874 1.0 -1 59 
24-30 -2 0.08695652173913043 0.8156924575111874 1.0 -1 59 
24-31 -2 0.08695652173913043 0.8156924575111874 1.0 -1 59 
24-33 -2 1.0 0.8156924575111874 1.0 -1 59 
24-34 -2 0.5217391304347826 0.8156924575111874 1.0 -1 59 
25-0 -2 1.0 0.8156924575111874 1.0 -1 59 
25-6 -2 1.0 0.8156924575111874 1.0 -1 59 
25-7 -2 1.0 0.8156924575111874 1.0 -1 59 
25-8 -2 1.0 0.8156924575111874 1.0 -1 59 
25-14 -2 0.5217391304347826 0.8156924575111874 1.0 -1 59 
25-15 -2 0.5217391304347826 0.8156924575111874 1.0 -1 59 
25-16 -2 0.5217391304347826 0.8156924575111874 1.0 -1 59 
25-17 -2 0.5217391304347826 0.8156924575111874 1.0 -1 59 
25-22 -2 0.5217391304347826 0.8156924575111874 1.0 -1 59 
25-23 -2 0.5217391304347826 0.8156924575111874 1.0 -1 59 
25-24 -2 0.5217391304347826 0.8156924575111874 1.0 -1 59 
25-25 -2 0.5217391304347826 0.8156924575111874 1.0 -1 59 
25-27 -2 1.0 0.8156924575111874 1.0 -1 59 
25-28 -2 1.0 0.8156924575111874 1.0 -1 59 
25-29 -2 0.08695652173913043 0.8156924575111874 1.0 -1 59 
25-30 -2 0.08695652173913043 0.8156924575111874 1.0 -1 59 
25-31 -2 0.08695652173913043 0.8156924575111874 1.0 -1 59 
25-33 -2 1.0 0.8156924575111874 1.0 -1 59 
25-34 -2 0.5217391304347826 0.8156924575111874 1.0 -1 59 
27-0 0.6461279461279461,0.5045454545454545 1.0,-1 0.825668449197861,1.0 1.0 1 55,4 
27-6 0.6461279461279461,0.5045454545454545 1.0,-1 0.825668449197861,1.0 1.0 1 55,4 
27-7 0.6461279461279461,0.5045454545454545 1.0,-1 0.825668449197861,1.0 1.0 1 55,4 
27-8 0.6461279461279461,0.5045454545454545 1.0,-1 0.825668449197861,1.0 1.0 1 55,4 
27-14 0.6461279461279461,0.5045454545454545 0.5217391304347826,-1 0.825668449197861,1.0 1.0 1 55,4 
27-15 0.6461279461279461,0.5045454545454545 0.5217391304347826,-1 0.825668449197861,1.0 1.0 1 55,4 
27-16 0.6461279461279461,0.5045454545454545 0.5217391304347826,-1 0.825668449197861,1.0 1.0 1 55,4 
27-17 0.6461279461279461,0.5045454545454545 0.5217391304347826,-1 0.825668449197861,1.0 1.0 1 55,4 
27-22 0.6461279461279461,0.5045454545454545 0.5217391304347826,-1 0.825668449197861,1.0 1.0 1 55,4 
27-23 0.6461279461279461,0.5045454545454545 0.5217391304347826,-1 0.825668449197861,1.0 1.0 1 55,4 
27-24 0.6461279461279461,0.5045454545454545 0.5217391304347826,-1 0.825668449197861,1.0 1.0 1 55,4 
27-25 0.6461279461279461,0.5045454545454545 0.5217391304347826,-1 0.825668449197861,1.0 1.0 1 55,4 
27-27 0.6461279461279461,0.5045454545454545 1.0,-1 0.825668449197861,1.0 1.0 1 55,4 
27-28 0.6461279461279461,0.5045454545454545 1.0,-1 0.825668449197861,1.0 1.0 1 55,4 
27-29 0.6461279461279461,0.5045454545454545 0.08695652173913043,-1 0.825668449197861,1.0 1.0 1 55,4 
27-30 0.6461279461279461,0.5045454545454545 0.08695652173913043,-1 0.825668449197861,1.0 1.0 1 55,4 
27-31 0.6461279461279461,0.5045454545454545 0.08695652173913043,-1 0.825668449197861,1.0 1.0 1 55,4 
27-33 0.6461279461279461,0.5045454545454545 1.0,-1 0.825668449197861,1.0 1.0 1 55,4 
27-34 0.6461279461279461,0.5045454545454545 0.5217391304347826,-1 0.825668449197861,1.0 1.0 1 55,4 
28-0 0.6461279461279461,0.5045454545454545 1.0,-1 0.825668449197861,1.0 1.0 1 55,4 
28-6 0.6461279461279461,0.5045454545454545 1.0,-1 0.825668449197861,1.0 1.0 1 55,4 
28-7 0.6461279461279461,0.5045454545454545 1.0,-1 0.825668449197861,1.0 1.0 1 55,4 
28-8 0.6461279461279461,0.5045454545454545 1.0,-1 0.825668449197861,1.0 1.0 1 55,4 
28-14 0.6461279461279461,0.5045454545454545 0.5217391304347826,-1 0.825668449197861,1.0 1.0 1 55,4 
28-15 0.6461279461279461,0.5045454545454545 0.5217391304347826,-1 0.825668449197861,1.0 1.0 1 55,4 
28-16 0.6461279461279461,0.5045454545454545 0.5217391304347826,-1 0.825668449197861,1.0 1.0 1 55,4 
28-17 0.6461279461279461,0.5045454545454545 0.5217391304347826,-1 0.825668449197861,1.0 1.0 1 55,4 
28-22 0.6461279461279461,0.5045454545454545 0.5217391304347826,-1 0.825668449197861,1.0 1.0 1 55,4 
28-23 0.6461279461279461,0.5045454545454545 0.5217391304347826,-1 0.825668449197861,1.0 1.0 1 55,4 
28-24 0.6461279461279461,0.5045454545454545 0.5217391304347826,-1 0.825668449197861,1.0 1.0 1 55,4 
28-25 0.6461279461279461,0.5045454545454545 0.5217391304347826,-1 0.825668449197861,1.0 1.0 1 55,4 
28-27 0.6461279461279461,0.5045454545454545 1.0,-1 0.825668449197861,1.0 1.0 1 55,4 
28-28 0.6461279461279461,0.5045454545454545 1.0,-1 0.825668449197861,1.0 1.0 1 55,4 
28-29 0.6461279461279461,0.5045454545454545 0.08695652173913043,-1 0.825668449197861,1.0 1.0 1 55,4 
28-30 0.6461279461279461,0.5045454545454545 0.08695652173913043,-1 0.825668449197861,1.0 1.0 1 55,4 
28-31 0.6461279461279461,0.5045454545454545 0.08695652173913043,-1 0.825668449197861,1.0 1.0 1 55,4 
28-33 0.6461279461279461,0.5045454545454545 1.0,-1 0.825668449197861,1.0 1.0 1 55,4 
28-34 0.6461279461279461,0.5045454545454545 0.5217391304347826,-1 0.825668449197861,1.0 1.0 1 55,4 
29-0 -1,0.01754385964912286,0.3148148148148149,0.9581807081807082,-1,-1,-1,0.33939393939393936,0.004385964912280715,0.36309523809523814,-1,-1,0.19015151515151518,-1,-1,-1,-1,-1,0.026315789473684292,-1,-1,-1,-1,-1,-1,0.5045454545454545,-1,-1 1.0,1.0,-1,-1,1.0,1.0,1.0,-1,1.0,-1,1.0,1.0,-1,1.0,1.0,1.0,1.0,1.0,-1,1.0,1.0,1.0,1.0,1.0,1.0,-1,1.0,1.0 1.0,0.9608150470219435,1.0,0.9803921568627451,1.0,1.0,1.0,1.0,1.0,1.0,1.0,1.0,1.0,1.0,1.0,1.0,1.0,1.0,1.0,1.0,1.0,1.0,1.0,1.0,1.0,1.0,1.0,1.0 0.2142857142857143 1 1,2,5,14,1,1,1,4,2,3,1,1,4,1,1,1,1,1,2,1,1,1,1,1,1,4,1,1 
29-6 -1,0.01754385964912286,0.3148148148148149,0.9581807081807082,-1,-1,-1,0.33939393939393936,0.004385964912280715,0.36309523809523814,-1,-1,0.19015151515151518,-1,-1,-1,-1,-1,0.026315789473684292,-1,-1,-1,-1,-1,-1,0.5045454545454545,-1,-1 1.0,1.0,-1,-1,1.0,1.0,1.0,-1,1.0,-1,1.0,1.0,-1,1.0,1.0,1.0,1.0,1.0,-1,1.0,1.0,1.0,1.0,1.0,1.0,-1,1.0,1.0 1.0,0.9608150470219435,1.0,0.9803921568627451,1.0,1.0,1.0,1.0,1.0,1.0,1.0,1.0,1.0,1.0,1.0,1.0,1.0,1.0,1.0,1.0,1.0,1.0,1.0,1.0,1.0,1.0,1.0,1.0 0.2142857142857143 1 1,2,5,14,1,1,1,4,2,3,1,1,4,1,1,1,1,1,2,1,1,1,1,1,1,4,1,1 
29-7 -1,0.01754385964912286,0.3148148148148149,0.9581807081807082,-1,-1,-1,0.33939393939393936,0.004385964912280715,0.36309523809523814,-1,-1,0.19015151515151518,-1,-1,-1,-1,-1,0.026315789473684292,-1,-1,-1,-1,-1,-1,0.5045454545454545,-1,-1 1.0,1.0,-1,-1,1.0,1.0,1.0,-1,1.0,-1,1.0,1.0,-1,1.0,1.0,1.0,1.0,1.0,-1,1.0,1.0,1.0,1.0,1.0,1.0,-1,1.0,1.0 1.0,0.9608150470219435,1.0,0.9803921568627451,1.0,1.0,1.0,1.0,1.0,1.0,1.0,1.0,1.0,1.0,1.0,1.0,1.0,1.0,1.0,1.0,1.0,1.0,1.0,1.0,1.0,1.0,1.0,1.0 0.2142857142857143 1 1,2,5,14,1,1,1,4,2,3,1,1,4,1,1,1,1,1,2,1,1,1,1,1,1,4,1,1 
29-8 -1,0.01754385964912286,0.3148148148148149,0.9581807081807082,-1,-1,-1,0.33939393939393936,0.004385964912280715,0.36309523809523814,-1,-1,0.19015151515151518,-1,-1,-1,-1,-1,0.026315789473684292,-1,-1,-1,-1,-1,-1,0.5045454545454545,-1,-1 1.0,1.0,-1,-1,1.0,1.0,1.0,-1,1.0,-1,1.0,1.0,-1,1.0,1.0,1.0,1.0,1.0,-1,1.0,1.0,1.0,1.0,1.0,1.0,-1,1.0,1.0 1.0,0.9608150470219435,1.0,0.9803921568627451,1.0,1.0,1.0,1.0,1.0,1.0,1.0,1.0,1.0,1.0,1.0,1.0,1.0,1.0,1.0,1.0,1.0,1.0,1.0,1.0,1.0,1.0,1.0,1.0 0.2142857142857143 1 1,2,5,14,1,1,1,4,2,3,1,1,4,1,1,1,1,1,2,1,1,1,1,1,1,4,1,1 
29-14 -1,0.01754385964912286,0.3148148148148149,0.9581807081807082,-1,-1,-1,0.33939393939393936,0.004385964912280715,0.36309523809523814,-1,-1,0.19015151515151518,-1,-1,-1,-1,-1,0.026315789473684292,-1,-1,-1,-1,-1,-1,0.5045454545454545,-1,-1 1.0,0.5,-1,-1,1.0,1.0,1.0,-1,1.0,-1,1.0,1.0,-1,1.0,1.0,1.0,1.0,1.0,-1,1.0,1.0,1.0,1.0,1.0,1.0,-1,1.0,1.0 1.0,0.9608150470219435,1.0,0.9803921568627451,1.0,1.0,1.0,1.0,1.0,1.0,1.0,1.0,1.0,1.0,1.0,1.0,1.0,1.0,1.0,1.0,1.0,1.0,1.0,1.0,1.0,1.0,1.0,1.0 0.2142857142857143 1 1,2,5,14,1,1,1,4,2,3,1,1,4,1,1,1,1,1,2,1,1,1,1,1,1,4,1,1 
29-15 -1,0.01754385964912286,0.3148148148148149,0.9581807081807082,-1,-1,-1,0.33939393939393936,0.004385964912280715,0.36309523809523814,-1,-1,0.19015151515151518,-1,-1,-1,-1,-1,0.026315789473684292,-1,-1,-1,-1,-1,-1,0.5045454545454545,-1,-1 1.0,0.5,-1,-1,1.0,1.0,1.0,-1,1.0,-1,1.0,1.0,-1,1.0,1.0,1.0,1.0,1.0,-1,1.0,1.0,1.0,1.0,1.0,1.0,-1,1.0,1.0 1.0,0.9608150470219435,1.0,0.9803921568627451,1.0,1.0,1.0,1.0,1.0,1.0,1.0,1.0,1.0,1.0,1.0,1.0,1.0,1.0,1.0,1.0,1.0,1.0,1.0,1.0,1.0,1.0,1.0,1.0 0.2142857142857143 1 1,2,5,14,1,1,1,4,2,3,1,1,4,1,1,1,1,1,2,1,1,1,1,1,1,4,1,1 
29-16 -1,0.01754385964912286,0.3148148148148149,0.9581807081807082,-1,-1,-1,0.33939393939393936,0.004385964912280715,0.36309523809523814,-1,-1,0.19015151515151518,-1,-1,-1,-1,-1,0.026315789473684292,-1,-1,-1,-1,-1,-1,0.5045454545454545,-1,-1 1.0,0.5,-1,-1,1.0,1.0,1.0,-1,1.0,-1,1.0,1.0,-1,1.0,1.0,1.0,1.0,1.0,-1,1.0,1.0,1.0,1.0,1.0,1.0,-1,1.0,1.0 1.0,0.9608150470219435,1.0,0.9803921568627451,1.0,1.0,1.0,1.0,1.0,1.0,1.0,1.0,1.0,1.0,1.0,1.0,1.0,1.0,1.0,1.0,1.0,1.0,1.0,1.0,1.0,1.0,1.0,1.0 0.2142857142857143 1 1,2,5,14,1,1,1,4,2,3,1,1,4,1,1,1,1,1,2,1,1,1,1,1,1,4,1,1 
29-17 -1,0.01754385964912286,0.3148148148148149,0.9581807081807082,-1,-1,-1,0.33939393939393936,0.004385964912280715,0.36309523809523814,-1,-1,0.19015151515151518,-1,-1,-1,-1,-1,0.026315789473684292,-1,-1,-1,-1,-1,-1,0.5045454545454545,-1,-1 1.0,0.5,-1,-1,1.0,1.0,1.0,-1,1.0,-1,1.0,1.0,-1,1.0,1.0,1.0,1.0,1.0,-1,1.0,1.0,1.0,1.0,1.0,1.0,-1,1.0,1.0 1.0,0.9608150470219435,1.0,0.9803921568627451,1.0,1.0,1.0,1.0,1.0,1.0,1.0,1.0,1.0,1.0,1.0,1.0,1.0,1.0,1.0,1.0,1.0,1.0,1.0,1.0,1.0,1.0,1.0,1.0 0.2142857142857143 1 1,2,5,14,1,1,1,4,2,3,1,1,4,1,1,1,1,1,2,1,1,1,1,1,1,4,1,1 
29-22 -1,0.01754385964912286,0.3148148148148149,0.9581807081807082,-1,-1,-1,0.33939393939393936,0.004385964912280715,0.36309523809523814,-1,-1,0.19015151515151518,-1,-1,-1,-1,-1,0.026315789473684292,-1,-1,-1,-1,-1,-1,0.5045454545454545,-1,-1 1.0,0.5,-1,-1,1.0,1.0,1.0,-1,1.0,-1,1.0,1.0,-1,1.0,1.0,1.0,1.0,1.0,-1,1.0,1.0,1.0,1.0,1.0,1.0,-1,1.0,1.0 1.0,0.9608150470219435,1.0,0.9803921568627451,1.0,1.0,1.0,1.0,1.0,1.0,1.0,1.0,1.0,1.0,1.0,1.0,1.0,1.0,1.0,1.0,1.0,1.0,1.0,1.0,1.0,1.0,1.0,1.0 0.2142857142857143 1 1,2,5,14,1,1,1,4,2,3,1,1,4,1,1,1,1,1,2,1,1,1,1,1,1,4,1,1 
29-23 -1,0.01754385964912286,0.3148148148148149,0.9581807081807082,-1,-1,-1,0.33939393939393936,0.004385964912280715,0.36309523809523814,-1,-1,0.19015151515151518,-1,-1,-1,-1,-1,0.026315789473684292,-1,-1,-1,-1,-1,-1,0.5045454545454545,-1,-1 1.0,0.5,-1,-1,1.0,1.0,1.0,-1,1.0,-1,1.0,1.0,-1,1.0,1.0,1.0,1.0,1.0,-1,1.0,1.0,1.0,1.0,1.0,1.0,-1,1.0,1.0 1.0,0.9608150470219435,1.0,0.9803921568627451,1.0,1.0,1.0,1.0,1.0,1.0,1.0,1.0,1.0,1.0,1.0,1.0,1.0,1.0,1.0,1.0,1.0,1.0,1.0,1.0,1.0,1.0,1.0,1.0 0.2142857142857143 1 1,2,5,14,1,1,1,4,2,3,1,1,4,1,1,1,1,1,2,1,1,1,1,1,1,4,1,1 
29-24 -1,0.01754385964912286,0.3148148148148149,0.9581807081807082,-1,-1,-1,0.33939393939393936,0.004385964912280715,0.36309523809523814,-1,-1,0.19015151515151518,-1,-1,-1,-1,-1,0.026315789473684292,-1,-1,-1,-1,-1,-1,0.5045454545454545,-1,-1 1.0,0.5,-1,-1,1.0,1.0,1.0,-1,1.0,-1,1.0,1.0,-1,1.0,1.0,1.0,1.0,1.0,-1,1.0,1.0,1.0,1.0,1.0,1.0,-1,1.0,1.0 1.0,0.9608150470219435,1.0,0.9803921568627451,1.0,1.0,1.0,1.0,1.0,1.0,1.0,1.0,1.0,1.0,1.0,1.0,1.0,1.0,1.0,1.0,1.0,1.0,1.0,1.0,1.0,1.0,1.0,1.0 0.2142857142857143 1 1,2,5,14,1,1,1,4,2,3,1,1,4,1,1,1,1,1,2,1,1,1,1,1,1,4,1,1 
29-25 -1,0.01754385964912286,0.3148148148148149,0.9581807081807082,-1,-1,-1,0.33939393939393936,0.004385964912280715,0.36309523809523814,-1,-1,0.19015151515151518,-1,-1,-1,-1,-1,0.026315789473684292,-1,-1,-1,-1,-1,-1,0.5045454545454545,-1,-1 1.0,0.5,-1,-1,1.0,1.0,1.0,-1,1.0,-1,1.0,1.0,-1,1.0,1.0,1.0,1.0,1.0,-1,1.0,1.0,1.0,1.0,1.0,1.0,-1,1.0,1.0 1.0,0.9608150470219435,1.0,0.9803921568627451,1.0,1.0,1.0,1.0,1.0,1.0,1.0,1.0,1.0,1.0,1.0,1.0,1.0,1.0,1.0,1.0,1.0,1.0,1.0,1.0,1.0,1.0,1.0,1.0 0.2142857142857143 1 1,2,5,14,1,1,1,4,2,3,1,1,4,1,1,1,1,1,2,1,1,1,1,1,1,4,1,1 
29-27 -1,0.01754385964912286,0.3148148148148149,0.9581807081807082,-1,-1,-1,0.33939393939393936,0.004385964912280715,0.36309523809523814,-1,-1,0.19015151515151518,-1,-1,-1,-1,-1,0.026315789473684292,-1,-1,-1,-1,-1,-1,0.5045454545454545,-1,-1 1.0,1.0,-1,-1,1.0,1.0,1.0,-1,1.0,-1,1.0,1.0,-1,1.0,1.0,1.0,1.0,1.0,-1,1.0,1.0,1.0,1.0,1.0,1.0,-1,1.0,1.0 1.0,0.9608150470219435,1.0,0.9803921568627451,1.0,1.0,1.0,1.0,1.0,1.0,1.0,1.0,1.0,1.0,1.0,1.0,1.0,1.0,1.0,1.0,1.0,1.0,1.0,1.0,1.0,1.0,1.0,1.0 0.2142857142857143 1 1,2,5,14,1,1,1,4,2,3,1,1,4,1,1,1,1,1,2,1,1,1,1,1,1,4,1,1 
29-28 -1,0.01754385964912286,0.3148148148148149,0.9581807081807082,-1,-1,-1,0.33939393939393936,0.004385964912280715,0.36309523809523814,-1,-1,0.19015151515151518,-1,-1,-1,-1,-1,0.026315789473684292,-1,-1,-1,-1,-1,-1,0.5045454545454545,-1,-1 1.0,1.0,-1,-1,1.0,1.0,1.0,-1,1.0,-1,1.0,1.0,-1,1.0,1.0,1.0,1.0,1.0,-1,1.0,1.0,1.0,1.0,1.0,1.0,-1,1.0,1.0 1.0,0.9608150470219435,1.0,0.9803921568627451,1.0,1.0,1.0,1.0,1.0,1.0,1.0,1.0,1.0,1.0,1.0,1.0,1.0,1.0,1.0,1.0,1.0,1.0,1.0,1.0,1.0,1.0,1.0,1.0 0.2142857142857143 1 1,2,5,14,1,1,1,4,2,3,1,1,4,1,1,1,1,1,2,1,1,1,1,1,1,4,1,1 
29-29 -1,0.01754385964912286,0.3148148148148149,0.9581807081807082,-1,-1,-1,0.33939393939393936,0.004385964912280715,0.36309523809523814,-1,-1,0.19015151515151518,-1,-1,-1,-1,-1,0.026315789473684292,-1,-1,-1,-1,-1,-1,0.5045454545454545,-1,-1 1.0,1.0,-1,-1,1.0,1.0,1.0,-1,1.0,-1,1.0,1.0,-1,1.0,1.0,1.0,1.0,1.0,-1,1.0,1.0,1.0,1.0,1.0,1.0,-1,1.0,1.0 1.0,0.9608150470219435,1.0,0.9803921568627451,1.0,1.0,1.0,1.0,1.0,1.0,1.0,1.0,1.0,1.0,1.0,1.0,1.0,1.0,1.0,1.0,1.0,1.0,1.0,1.0,1.0,1.0,1.0,1.0 0.2142857142857143 1 1,2,5,14,1,1,1,4,2,3,1,1,4,1,1,1,1,1,2,1,1,1,1,1,1,4,1,1 
29-30 -1,0.01754385964912286,0.3148148148148149,0.9581807081807082,-1,-1,-1,0.33939393939393936,0.004385964912280715,0.36309523809523814,-1,-1,0.19015151515151518,-1,-1,-1,-1,-1,0.026315789473684292,-1,-1,-1,-1,-1,-1,0.5045454545454545,-1,-1 1.0,0.5,-1,-1,1.0,1.0,1.0,-1,1.0,-1,1.0,1.0,-1,1.0,1.0,1.0,1.0,1.0,-1,1.0,1.0,1.0,1.0,1.0,1.0,-1,1.0,1.0 1.0,0.9608150470219435,1.0,0.9803921568627451,1.0,1.0,1.0,1.0,1.0,1.0,1.0,1.0,1.0,1.0,1.0,1.0,1.0,1.0,1.0,1.0,1.0,1.0,1.0,1.0,1.0,1.0,1.0,1.0 0.2142857142857143 1 1,2,5,14,1,1,1,4,2,3,1,1,4,1,1,1,1,1,2,1,1,1,1,1,1,4,1,1 
29-31 -1,0.01754385964912286,0.3148148148148149,0.9581807081807082,-1,-1,-1,0.33939393939393936,0.004385964912280715,0.36309523809523814,-1,-1,0.19015151515151518,-1,-1,-1,-1,-1,0.026315789473684292,-1,-1,-1,-1,-1,-1,0.5045454545454545,-1,-1 1.0,0.5,-1,-1,1.0,1.0,1.0,-1,1.0,-1,1.0,1.0,-1,1.0,1.0,1.0,1.0,1.0,-1,1.0,1.0,1.0,1.0,1.0,1.0,-1,1.0,1.0 1.0,0.9608150470219435,1.0,0.9803921568627451,1.0,1.0,1.0,1.0,1.0,1.0,1.0,1.0,1.0,1.0,1.0,1.0,1.0,1.0,1.0,1.0,1.0,1.0,1.0,1.0,1.0,1.0,1.0,1.0 0.2142857142857143 1 1,2,5,14,1,1,1,4,2,3,1,1,4,1,1,1,1,1,2,1,1,1,1,1,1,4,1,1 
29-33 -1,0.01754385964912286,0.3148148148148149,0.9581807081807082,-1,-1,-1,0.33939393939393936,0.004385964912280715,0.36309523809523814,-1,-1,0.19015151515151518,-1,-1,-1,-1,-1,0.026315789473684292,-1,-1,-1,-1,-1,-1,0.5045454545454545,-1,-1 1.0,1.0,-1,-1,1.0,1.0,1.0,-1,1.0,-1,1.0,1.0,-1,1.0,1.0,1.0,1.0,1.0,-1,1.0,1.0,1.0,1.0,1.0,1.0,-1,1.0,1.0 1.0,0.9608150470219435,1.0,0.9803921568627451,1.0,1.0,1.0,1.0,1.0,1.0,1.0,1.0,1.0,1.0,1.0,1.0,1.0,1.0,1.0,1.0,1.0,1.0,1.0,1.0,1.0,1.0,1.0,1.0 0.2142857142857143 1 1,2,5,14,1,1,1,4,2,3,1,1,4,1,1,1,1,1,2,1,1,1,1,1,1,4,1,1 
29-34 -1,0.01754385964912286,0.3148148148148149,0.9581807081807082,-1,-1,-1,0.33939393939393936,0.004385964912280715,0.36309523809523814,-1,-1,0.19015151515151518,-1,-1,-1,-1,-1,0.026315789473684292,-1,-1,-1,-1,-1,-1,0.5045454545454545,-1,-1 1.0,0.5,-1,-1,1.0,1.0,1.0,-1,1.0,-1,1.0,1.0,-1,1.0,1.0,1.0,1.0,1.0,-1,1.0,1.0,1.0,1.0,1.0,1.0,-1,1.0,1.0 1.0,0.9608150470219435,1.0,0.9803921568627451,1.0,1.0,1.0,1.0,1.0,1.0,1.0,1.0,1.0,1.0,1.0,1.0,1.0,1.0,1.0,1.0,1.0,1.0,1.0,1.0,1.0,1.0,1.0,1.0 0.2142857142857143 1 1,2,5,14,1,1,1,4,2,3,1,1,4,1,1,1,1,1,2,1,1,1,1,1,1,4,1,1 
30-0 -1,-1,0.3148148148148149,0.9581807081807082,-1,-1,0.00877192982456143,-1,0.33939393939393936,0.004385964912280715,0.36309523809523814,-1,-1,0.19015151515151518,-1,0.026315789473684292,-1,-1,0.026315789473684292,-1,-1,-1,-1,-1,0.5045454545454545,-1,-1 1.0,1.0,-1,-1,1.0,1.0,1.0,1.0,-1,1.0,-1,1.0,1.0,-1,1.0,1.0,1.0,1.0,-1,1.0,1.0,1.0,1.0,1.0,-1,1.0,1.0 1.0,1.0,1.0,0.9803921568627451,1.0,1.0,0.967948717948718,1.0,1.0,1.0,1.0,1.0,1.0,1.0,1.0,1.0,1.0,1.0,1.0,1.0,1.0,1.0,1.0,1.0,1.0,1.0,1.0 0.2222222222222222 1 1,1,5,14,1,1,2,1,4,2,3,1,1,4,1,2,1,1,2,1,1,1,1,1,4,1,1 
30-6 -1,-1,0.3148148148148149,0.9581807081807082,-1,-1,0.00877192982456143,-1,0.33939393939393936,0.004385964912280715,0.36309523809523814,-1,-1,0.19015151515151518,-1,0.026315789473684292,-1,-1,0.026315789473684292,-1,-1,-1,-1,-1,0.5045454545454545,-1,-1 1.0,1.0,-1,-1,1.0,1.0,1.0,1.0,-1,1.0,-1,1.0,1.0,-1,1.0,1.0,1.0,1.0,-1,1.0,1.0,1.0,1.0,1.0,-1,1.0,1.0 1.0,1.0,1.0,0.9803921568627451,1.0,1.0,0.967948717948718,1.0,1.0,1.0,1.0,1.0,1.0,1.0,1.0,1.0,1.0,1.0,1.0,1.0,1.0,1.0,1.0,1.0,1.0,1.0,1.0 0.2222222222222222 1 1,1,5,14,1,1,2,1,4,2,3,1,1,4,1,2,1,1,2,1,1,1,1,1,4,1,1 
30-7 -1,-1,0.3148148148148149,0.9581807081807082,-1,-1,0.00877192982456143,-1,0.33939393939393936,0.004385964912280715,0.36309523809523814,-1,-1,0.19015151515151518,-1,0.026315789473684292,-1,-1,0.026315789473684292,-1,-1,-1,-1,-1,0.5045454545454545,-1,-1 1.0,1.0,-1,-1,1.0,1.0,1.0,1.0,-1,1.0,-1,1.0,1.0,-1,1.0,1.0,1.0,1.0,-1,1.0,1.0,1.0,1.0,1.0,-1,1.0,1.0 1.0,1.0,1.0,0.9803921568627451,1.0,1.0,0.967948717948718,1.0,1.0,1.0,1.0,1.0,1.0,1.0,1.0,1.0,1.0,1.0,1.0,1.0,1.0,1.0,1.0,1.0,1.0,1.0,1.0 0.2222222222222222 1 1,1,5,14,1,1,2,1,4,2,3,1,1,4,1,2,1,1,2,1,1,1,1,1,4,1,1 
30-8 -1,-1,0.3148148148148149,0.9581807081807082,-1,-1,0.00877192982456143,-1,0.33939393939393936,0.004385964912280715,0.36309523809523814,-1,-1,0.19015151515151518,-1,0.026315789473684292,-1,-1,0.026315789473684292,-1,-1,-1,-1,-1,0.5045454545454545,-1,-1 1.0,1.0,-1,-1,1.0,1.0,1.0,1.0,-1,1.0,-1,1.0,1.0,-1,1.0,1.0,1.0,1.0,-1,1.0,1.0,1.0,1.0,1.0,-1,1.0,1.0 1.0,1.0,1.0,0.9803921568627451,1.0,1.0,0.967948717948718,1.0,1.0,1.0,1.0,1.0,1.0,1.0,1.0,1.0,1.0,1.0,1.0,1.0,1.0,1.0,1.0,1.0,1.0,1.0,1.0 0.2222222222222222 1 1,1,5,14,1,1,2,1,4,2,3,1,1,4,1,2,1,1,2,1,1,1,1,1,4,1,1 
30-14 -1,-1,0.3148148148148149,0.9581807081807082,-1,-1,0.00877192982456143,-1,0.33939393939393936,0.004385964912280715,0.36309523809523814,-1,-1,0.19015151515151518,-1,0.026315789473684292,-1,-1,0.026315789473684292,-1,-1,-1,-1,-1,0.5045454545454545,-1,-1 1.0,1.0,-1,-1,1.0,1.0,0.5,1.0,-1,1.0,-1,1.0,1.0,-1,1.0,1.0,1.0,1.0,-1,1.0,1.0,1.0,1.0,1.0,-1,1.0,1.0 1.0,1.0,1.0,0.9803921568627451,1.0,1.0,0.967948717948718,1.0,1.0,1.0,1.0,1.0,1.0,1.0,1.0,1.0,1.0,1.0,1.0,1.0,1.0,1.0,1.0,1.0,1.0,1.0,1.0 0.2222222222222222 1 1,1,5,14,1,1,2,1,4,2,3,1,1,4,1,2,1,1,2,1,1,1,1,1,4,1,1 
30-15 -1,-1,0.3148148148148149,0.9581807081807082,-1,-1,0.00877192982456143,-1,0.33939393939393936,0.004385964912280715,0.36309523809523814,-1,-1,0.19015151515151518,-1,0.026315789473684292,-1,-1,0.026315789473684292,-1,-1,-1,-1,-1,0.5045454545454545,-1,-1 1.0,1.0,-1,-1,1.0,1.0,0.5,1.0,-1,1.0,-1,1.0,1.0,-1,1.0,1.0,1.0,1.0,-1,1.0,1.0,1.0,1.0,1.0,-1,1.0,1.0 1.0,1.0,1.0,0.9803921568627451,1.0,1.0,0.967948717948718,1.0,1.0,1.0,1.0,1.0,1.0,1.0,1.0,1.0,1.0,1.0,1.0,1.0,1.0,1.0,1.0,1.0,1.0,1.0,1.0 0.2222222222222222 1 1,1,5,14,1,1,2,1,4,2,3,1,1,4,1,2,1,1,2,1,1,1,1,1,4,1,1 
30-16 -1,-1,0.3148148148148149,0.9581807081807082,-1,-1,0.00877192982456143,-1,0.33939393939393936,0.004385964912280715,0.36309523809523814,-1,-1,0.19015151515151518,-1,0.026315789473684292,-1,-1,0.026315789473684292,-1,-1,-1,-1,-1,0.5045454545454545,-1,-1 1.0,1.0,-1,-1,1.0,1.0,0.5,1.0,-1,1.0,-1,1.0,1.0,-1,1.0,1.0,1.0,1.0,-1,1.0,1.0,1.0,1.0,1.0,-1,1.0,1.0 1.0,1.0,1.0,0.9803921568627451,1.0,1.0,0.967948717948718,1.0,1.0,1.0,1.0,1.0,1.0,1.0,1.0,1.0,1.0,1.0,1.0,1.0,1.0,1.0,1.0,1.0,1.0,1.0,1.0 0.2222222222222222 1 1,1,5,14,1,1,2,1,4,2,3,1,1,4,1,2,1,1,2,1,1,1,1,1,4,1,1 
30-17 -1,-1,0.3148148148148149,0.9581807081807082,-1,-1,0.00877192982456143,-1,0.33939393939393936,0.004385964912280715,0.36309523809523814,-1,-1,0.19015151515151518,-1,0.026315789473684292,-1,-1,0.026315789473684292,-1,-1,-1,-1,-1,0.5045454545454545,-1,-1 1.0,1.0,-1,-1,1.0,1.0,0.5,1.0,-1,1.0,-1,1.0,1.0,-1,1.0,0.5,1.0,1.0,-1,1.0,1.0,1.0,1.0,1.0,-1,1.0,1.0 1.0,1.0,1.0,0.9803921568627451,1.0,1.0,0.967948717948718,1.0,1.0,1.0,1.0,1.0,1.0,1.0,1.0,1.0,1.0,1.0,1.0,1.0,1.0,1.0,1.0,1.0,1.0,1.0,1.0 0.2222222222222222 1 1,1,5,14,1,1,2,1,4,2,3,1,1,4,1,2,1,1,2,1,1,1,1,1,4,1,1 
30-22 -1,-1,0.3148148148148149,0.9581807081807082,-1,-1,0.00877192982456143,-1,0.33939393939393936,0.004385964912280715,0.36309523809523814,-1,-1,0.19015151515151518,-1,0.026315789473684292,-1,-1,0.026315789473684292,-1,-1,-1,-1,-1,0.5045454545454545,-1,-1 1.0,1.0,-1,-1,1.0,1.0,0.5,1.0,-1,1.0,-1,1.0,1.0,-1,1.0,1.0,1.0,1.0,-1,1.0,1.0,1.0,1.0,1.0,-1,1.0,1.0 1.0,1.0,1.0,0.9803921568627451,1.0,1.0,0.967948717948718,1.0,1.0,1.0,1.0,1.0,1.0,1.0,1.0,1.0,1.0,1.0,1.0,1.0,1.0,1.0,1.0,1.0,1.0,1.0,1.0 0.2222222222222222 1 1,1,5,14,1,1,2,1,4,2,3,1,1,4,1,2,1,1,2,1,1,1,1,1,4,1,1 
30-23 -1,-1,0.3148148148148149,0.9581807081807082,-1,-1,0.00877192982456143,-1,0.33939393939393936,0.004385964912280715,0.36309523809523814,-1,-1,0.19015151515151518,-1,0.026315789473684292,-1,-1,0.026315789473684292,-1,-1,-1,-1,-1,0.5045454545454545,-1,-1 1.0,1.0,-1,-1,1.0,1.0,0.5,1.0,-1,1.0,-1,1.0,1.0,-1,1.0,1.0,1.0,1.0,-1,1.0,1.0,1.0,1.0,1.0,-1,1.0,1.0 1.0,1.0,1.0,0.9803921568627451,1.0,1.0,0.967948717948718,1.0,1.0,1.0,1.0,1.0,1.0,1.0,1.0,1.0,1.0,1.0,1.0,1.0,1.0,1.0,1.0,1.0,1.0,1.0,1.0 0.2222222222222222 1 1,1,5,14,1,1,2,1,4,2,3,1,1,4,1,2,1,1,2,1,1,1,1,1,4,1,1 
30-24 -1,-1,0.3148148148148149,0.9581807081807082,-1,-1,0.00877192982456143,-1,0.33939393939393936,0.004385964912280715,0.36309523809523814,-1,-1,0.19015151515151518,-1,0.026315789473684292,-1,-1,0.026315789473684292,-1,-1,-1,-1,-1,0.5045454545454545,-1,-1 1.0,1.0,-1,-1,1.0,1.0,0.5,1.0,-1,1.0,-1,1.0,1.0,-1,1.0,1.0,1.0,1.0,-1,1.0,1.0,1.0,1.0,1.0,-1,1.0,1.0 1.0,1.0,1.0,0.9803921568627451,1.0,1.0,0.967948717948718,1.0,1.0,1.0,1.0,1.0,1.0,1.0,1.0,1.0,1.0,1.0,1.0,1.0,1.0,1.0,1.0,1.0,1.0,1.0,1.0 0.2222222222222222 1 1,1,5,14,1,1,2,1,4,2,3,1,1,4,1,2,1,1,2,1,1,1,1,1,4,1,1 
30-25 -1,-1,0.3148148148148149,0.9581807081807082,-1,-1,0.00877192982456143,-1,0.33939393939393936,0.004385964912280715,0.36309523809523814,-1,-1,0.19015151515151518,-1,0.026315789473684292,-1,-1,0.026315789473684292,-1,-1,-1,-1,-1,0.5045454545454545,-1,-1 1.0,1.0,-1,-1,1.0,1.0,0.5,1.0,-1,1.0,-1,1.0,1.0,-1,1.0,1.0,1.0,1.0,-1,1.0,1.0,1.0,1.0,1.0,-1,1.0,1.0 1.0,1.0,1.0,0.9803921568627451,1.0,1.0,0.967948717948718,1.0,1.0,1.0,1.0,1.0,1.0,1.0,1.0,1.0,1.0,1.0,1.0,1.0,1.0,1.0,1.0,1.0,1.0,1.0,1.0 0.2222222222222222 1 1,1,5,14,1,1,2,1,4,2,3,1,1,4,1,2,1,1,2,1,1,1,1,1,4,1,1 
30-27 -1,-1,0.3148148148148149,0.9581807081807082,-1,-1,0.00877192982456143,-1,0.33939393939393936,0.004385964912280715,0.36309523809523814,-1,-1,0.19015151515151518,-1,0.026315789473684292,-1,-1,0.026315789473684292,-1,-1,-1,-1,-1,0.5045454545454545,-1,-1 1.0,1.0,-1,-1,1.0,1.0,1.0,1.0,-1,1.0,-1,1.0,1.0,-1,1.0,1.0,1.0,1.0,-1,1.0,1.0,1.0,1.0,1.0,-1,1.0,1.0 1.0,1.0,1.0,0.9803921568627451,1.0,1.0,0.967948717948718,1.0,1.0,1.0,1.0,1.0,1.0,1.0,1.0,1.0,1.0,1.0,1.0,1.0,1.0,1.0,1.0,1.0,1.0,1.0,1.0 0.2222222222222222 1 1,1,5,14,1,1,2,1,4,2,3,1,1,4,1,2,1,1,2,1,1,1,1,1,4,1,1 
30-28 -1,-1,0.3148148148148149,0.9581807081807082,-1,-1,0.00877192982456143,-1,0.33939393939393936,0.004385964912280715,0.36309523809523814,-1,-1,0.19015151515151518,-1,0.026315789473684292,-1,-1,0.026315789473684292,-1,-1,-1,-1,-1,0.5045454545454545,-1,-1 1.0,1.0,-1,-1,1.0,1.0,1.0,1.0,-1,1.0,-1,1.0,1.0,-1,1.0,1.0,1.0,1.0,-1,1.0,1.0,1.0,1.0,1.0,-1,1.0,1.0 1.0,1.0,1.0,0.9803921568627451,1.0,1.0,0.967948717948718,1.0,1.0,1.0,1.0,1.0,1.0,1.0,1.0,1.0,1.0,1.0,1.0,1.0,1.0,1.0,1.0,1.0,1.0,1.0,1.0 0.2222222222222222 1 1,1,5,14,1,1,2,1,4,2,3,1,1,4,1,2,1,1,2,1,1,1,1,1,4,1,1 
30-29 -1,-1,0.3148148148148149,0.9581807081807082,-1,-1,0.00877192982456143,-1,0.33939393939393936,0.004385964912280715,0.36309523809523814,-1,-1,0.19015151515151518,-1,0.026315789473684292,-1,-1,0.026315789473684292,-1,-1,-1,-1,-1,0.5045454545454545,-1,-1 1.0,1.0,-1,-1,1.0,1.0,0.5,1.0,-1,1.0,-1,1.0,1.0,-1,1.0,0.5,1.0,1.0,-1,1.0,1.0,1.0,1.0,1.0,-1,1.0,1.0 1.0,1.0,1.0,0.9803921568627451,1.0,1.0,0.967948717948718,1.0,1.0,1.0,1.0,1.0,1.0,1.0,1.0,1.0,1.0,1.0,1.0,1.0,1.0,1.0,1.0,1.0,1.0,1.0,1.0 0.2222222222222222 1 1,1,5,14,1,1,2,1,4,2,3,1,1,4,1,2,1,1,2,1,1,1,1,1,4,1,1 
30-30 -1,-1,0.3148148148148149,0.9581807081807082,-1,-1,0.00877192982456143,-1,0.33939393939393936,0.004385964912280715,0.36309523809523814,-1,-1,0.19015151515151518,-1,0.026315789473684292,-1,-1,0.026315789473684292,-1,-1,-1,-1,-1,0.5045454545454545,-1,-1 1.0,1.0,-1,-1,1.0,1.0,1.0,1.0,-1,1.0,-1,1.0,1.0,-1,1.0,1.0,1.0,1.0,-1,1.0,1.0,1.0,1.0,1.0,-1,1.0,1.0 1.0,1.0,1.0,0.9803921568627451,1.0,1.0,0.967948717948718,1.0,1.0,1.0,1.0,1.0,1.0,1.0,1.0,1.0,1.0,1.0,1.0,1.0,1.0,1.0,1.0,1.0,1.0,1.0,1.0 0.2222222222222222 1 1,1,5,14,1,1,2,1,4,2,3,1,1,4,1,2,1,1,2,1,1,1,1,1,4,1,1 
30-31 -1,-1,0.3148148148148149,0.9581807081807082,-1,-1,0.00877192982456143,-1,0.33939393939393936,0.004385964912280715,0.36309523809523814,-1,-1,0.19015151515151518,-1,0.026315789473684292,-1,-1,0.026315789473684292,-1,-1,-1,-1,-1,0.5045454545454545,-1,-1 1.0,1.0,-1,-1,1.0,1.0,0.5,1.0,-1,1.0,-1,1.0,1.0,-1,1.0,0.5,1.0,1.0,-1,1.0,1.0,1.0,1.0,1.0,-1,1.0,1.0 1.0,1.0,1.0,0.9803921568627451,1.0,1.0,0.967948717948718,1.0,1.0,1.0,1.0,1.0,1.0,1.0,1.0,1.0,1.0,1.0,1.0,1.0,1.0,1.0,1.0,1.0,1.0,1.0,1.0 0.2222222222222222 1 1,1,5,14,1,1,2,1,4,2,3,1,1,4,1,2,1,1,2,1,1,1,1,1,4,1,1 
30-33 -1,-1,0.3148148148148149,0.9581807081807082,-1,-1,0.00877192982456143,-1,0.33939393939393936,0.004385964912280715,0.36309523809523814,-1,-1,0.19015151515151518,-1,0.026315789473684292,-1,-1,0.026315789473684292,-1,-1,-1,-1,-1,0.5045454545454545,-1,-1 1.0,1.0,-1,-1,1.0,1.0,1.0,1.0,-1,1.0,-1,1.0,1.0,-1,1.0,1.0,1.0,1.0,-1,1.0,1.0,1.0,1.0,1.0,-1,1.0,1.0 1.0,1.0,1.0,0.9803921568627451,1.0,1.0,0.967948717948718,1.0,1.0,1.0,1.0,1.0,1.0,1.0,1.0,1.0,1.0,1.0,1.0,1.0,1.0,1.0,1.0,1.0,1.0,1.0,1.0 0.2222222222222222 1 1,1,5,14,1,1,2,1,4,2,3,1,1,4,1,2,1,1,2,1,1,1,1,1,4,1,1 
30-34 -1,-1,0.3148148148148149,0.9581807081807082,-1,-1,0.00877192982456143,-1,0.33939393939393936,0.004385964912280715,0.36309523809523814,-1,-1,0.19015151515151518,-1,0.026315789473684292,-1,-1,0.026315789473684292,-1,-1,-1,-1,-1,0.5045454545454545,-1,-1 1.0,1.0,-1,-1,1.0,1.0,0.5,1.0,-1,1.0,-1,1.0,1.0,-1,1.0,1.0,1.0,1.0,-1,1.0,1.0,1.0,1.0,1.0,-1,1.0,1.0 1.0,1.0,1.0,0.9803921568627451,1.0,1.0,0.967948717948718,1.0,1.0,1.0,1.0,1.0,1.0,1.0,1.0,1.0,1.0,1.0,1.0,1.0,1.0,1.0,1.0,1.0,1.0,1.0,1.0 0.2222222222222222 1 1,1,5,14,1,1,2,1,4,2,3,1,1,4,1,2,1,1,2,1,1,1,1,1,4,1,1 
31-0 -1,-1,0.5038888888888888,0.9581807081807082,-1,-1,-1,-1,0.33939393939393936,0.004385964912280715,0.36309523809523814,-1,-1,0.19015151515151518,-1,-1,-1,-1,-1,0.026315789473684292,-1,-1,-1,-1,-1,-1,-1,-1 1.0,1.0,-1,-1,1.0,1.0,1.0,1.0,-1,1.0,-1,1.0,1.0,-1,1.0,1.0,1.0,1.0,1.0,-1,1.0,1.0,1.0,1.0,1.0,1.0,1.0,1.0 1.0,1.0,0.922962962962963,0.9803921568627451,1.0,1.0,1.0,1.0,1.0,1.0,1.0,1.0,1.0,1.0,1.0,1.0,1.0,1.0,1.0,1.0,1.0,1.0,1.0,1.0,1.0,1.0,1.0,1.0 0.1785714285714286 1 1,1,9,14,1,1,1,1,4,2,3,1,1,4,1,1,1,1,1,2,1,1,1,1,1,1,1,1 
31-6 -1,-1,0.5038888888888888,0.9581807081807082,-1,-1,-1,-1,0.33939393939393936,0.004385964912280715,0.36309523809523814,-1,-1,0.19015151515151518,-1,-1,-1,-1,-1,0.026315789473684292,-1,-1,-1,-1,-1,-1,-1,-1 1.0,1.0,-1,-1,1.0,1.0,1.0,1.0,-1,1.0,-1,1.0,1.0,-1,1.0,1.0,1.0,1.0,1.0,-1,1.0,1.0,1.0,1.0,1.0,1.0,1.0,1.0 1.0,1.0,0.922962962962963,0.9803921568627451,1.0,1.0,1.0,1.0,1.0,1.0,1.0,1.0,1.0,1.0,1.0,1.0,1.0,1.0,1.0,1.0,1.0,1.0,1.0,1.0,1.0,1.0,1.0,1.0 0.1785714285714286 1 1,1,9,14,1,1,1,1,4,2,3,1,1,4,1,1,1,1,1,2,1,1,1,1,1,1,1,1 
31-7 -1,-1,0.5038888888888888,0.9581807081807082,-1,-1,-1,-1,0.33939393939393936,0.004385964912280715,0.36309523809523814,-1,-1,0.19015151515151518,-1,-1,-1,-1,-1,0.026315789473684292,-1,-1,-1,-1,-1,-1,-1,-1 1.0,1.0,-1,-1,1.0,1.0,1.0,1.0,-1,1.0,-1,1.0,1.0,-1,1.0,1.0,1.0,1.0,1.0,-1,1.0,1.0,1.0,1.0,1.0,1.0,1.0,1.0 1.0,1.0,0.922962962962963,0.9803921568627451,1.0,1.0,1.0,1.0,1.0,1.0,1.0,1.0,1.0,1.0,1.0,1.0,1.0,1.0,1.0,1.0,1.0,1.0,1.0,1.0,1.0,1.0,1.0,1.0 0.1785714285714286 1 1,1,9,14,1,1,1,1,4,2,3,1,1,4,1,1,1,1,1,2,1,1,1,1,1,1,1,1 
31-8 -1,-1,0.5038888888888888,0.9581807081807082,-1,-1,-1,-1,0.33939393939393936,0.004385964912280715,0.36309523809523814,-1,-1,0.19015151515151518,-1,-1,-1,-1,-1,0.026315789473684292,-1,-1,-1,-1,-1,-1,-1,-1 1.0,1.0,-1,-1,1.0,1.0,1.0,1.0,-1,1.0,-1,1.0,1.0,-1,1.0,1.0,1.0,1.0,1.0,-1,1.0,1.0,1.0,1.0,1.0,1.0,1.0,1.0 1.0,1.0,0.922962962962963,0.9803921568627451,1.0,1.0,1.0,1.0,1.0,1.0,1.0,1.0,1.0,1.0,1.0,1.0,1.0,1.0,1.0,1.0,1.0,1.0,1.0,1.0,1.0,1.0,1.0,1.0 0.1785714285714286 1 1,1,9,14,1,1,1,1,4,2,3,1,1,4,1,1,1,1,1,2,1,1,1,1,1,1,1,1 
31-14 -1,-1,0.5038888888888888,0.9581807081807082,-1,-1,-1,-1,0.33939393939393936,0.004385964912280715,0.36309523809523814,-1,-1,0.19015151515151518,-1,-1,-1,-1,-1,0.026315789473684292,-1,-1,-1,-1,-1,-1,-1,-1 1.0,1.0,-1,-1,1.0,1.0,1.0,1.0,-1,1.0,-1,1.0,1.0,-1,1.0,1.0,1.0,1.0,1.0,-1,1.0,1.0,1.0,1.0,1.0,1.0,1.0,1.0 1.0,1.0,0.922962962962963,0.9803921568627451,1.0,1.0,1.0,1.0,1.0,1.0,1.0,1.0,1.0,1.0,1.0,1.0,1.0,1.0,1.0,1.0,1.0,1.0,1.0,1.0,1.0,1.0,1.0,1.0 0.1785714285714286 1 1,1,9,14,1,1,1,1,4,2,3,1,1,4,1,1,1,1,1,2,1,1,1,1,1,1,1,1 
31-15 -1,-1,0.5038888888888888,0.9581807081807082,-1,-1,-1,-1,0.33939393939393936,0.004385964912280715,0.36309523809523814,-1,-1,0.19015151515151518,-1,-1,-1,-1,-1,0.026315789473684292,-1,-1,-1,-1,-1,-1,-1,-1 1.0,1.0,-1,-1,1.0,1.0,1.0,1.0,-1,1.0,-1,1.0,1.0,-1,1.0,1.0,1.0,1.0,1.0,-1,1.0,1.0,1.0,1.0,1.0,1.0,1.0,1.0 1.0,1.0,0.922962962962963,0.9803921568627451,1.0,1.0,1.0,1.0,1.0,1.0,1.0,1.0,1.0,1.0,1.0,1.0,1.0,1.0,1.0,1.0,1.0,1.0,1.0,1.0,1.0,1.0,1.0,1.0 0.1785714285714286 1 1,1,9,14,1,1,1,1,4,2,3,1,1,4,1,1,1,1,1,2,1,1,1,1,1,1,1,1 
31-16 -1,-1,0.5038888888888888,0.9581807081807082,-1,-1,-1,-1,0.33939393939393936,0.004385964912280715,0.36309523809523814,-1,-1,0.19015151515151518,-1,-1,-1,-1,-1,0.026315789473684292,-1,-1,-1,-1,-1,-1,-1,-1 1.0,1.0,-1,-1,1.0,1.0,1.0,1.0,-1,1.0,-1,1.0,1.0,-1,1.0,1.0,1.0,1.0,1.0,-1,1.0,1.0,1.0,1.0,1.0,1.0,1.0,1.0 1.0,1.0,0.922962962962963,0.9803921568627451,1.0,1.0,1.0,1.0,1.0,1.0,1.0,1.0,1.0,1.0,1.0,1.0,1.0,1.0,1.0,1.0,1.0,1.0,1.0,1.0,1.0,1.0,1.0,1.0 0.1785714285714286 1 1,1,9,14,1,1,1,1,4,2,3,1,1,4,1,1,1,1,1,2,1,1,1,1,1,1,1,1 
31-17 -1,-1,0.5038888888888888,0.9581807081807082,-1,-1,-1,-1,0.33939393939393936,0.004385964912280715,0.36309523809523814,-1,-1,0.19015151515151518,-1,-1,-1,-1,-1,0.026315789473684292,-1,-1,-1,-1,-1,-1,-1,-1 1.0,1.0,-1,-1,1.0,1.0,1.0,1.0,-1,1.0,-1,1.0,1.0,-1,1.0,1.0,1.0,1.0,1.0,-1,1.0,1.0,1.0,1.0,1.0,1.0,1.0,1.0 1.0,1.0,0.922962962962963,0.9803921568627451,1.0,1.0,1.0,1.0,1.0,1.0,1.0,1.0,1.0,1.0,1.0,1.0,1.0,1.0,1.0,1.0,1.0,1.0,1.0,1.0,1.0,1.0,1.0,1.0 0.1785714285714286 1 1,1,9,14,1,1,1,1,4,2,3,1,1,4,1,1,1,1,1,2,1,1,1,1,1,1,1,1 
31-22 -1,-1,0.5038888888888888,0.9581807081807082,-1,-1,-1,-1,0.33939393939393936,0.004385964912280715,0.36309523809523814,-1,-1,0.19015151515151518,-1,-1,-1,-1,-1,0.026315789473684292,-1,-1,-1,-1,-1,-1,-1,-1 1.0,1.0,-1,-1,1.0,1.0,1.0,1.0,-1,1.0,-1,1.0,1.0,-1,1.0,1.0,1.0,1.0,1.0,-1,1.0,1.0,1.0,1.0,1.0,1.0,1.0,1.0 1.0,1.0,0.922962962962963,0.9803921568627451,1.0,1.0,1.0,1.0,1.0,1.0,1.0,1.0,1.0,1.0,1.0,1.0,1.0,1.0,1.0,1.0,1.0,1.0,1.0,1.0,1.0,1.0,1.0,1.0 0.1785714285714286 1 1,1,9,14,1,1,1,1,4,2,3,1,1,4,1,1,1,1,1,2,1,1,1,1,1,1,1,1 
31-23 -1,-1,0.5038888888888888,0.9581807081807082,-1,-1,-1,-1,0.33939393939393936,0.004385964912280715,0.36309523809523814,-1,-1,0.19015151515151518,-1,-1,-1,-1,-1,0.026315789473684292,-1,-1,-1,-1,-1,-1,-1,-1 1.0,1.0,-1,-1,1.0,1.0,1.0,1.0,-1,1.0,-1,1.0,1.0,-1,1.0,1.0,1.0,1.0,1.0,-1,1.0,1.0,1.0,1.0,1.0,1.0,1.0,1.0 1.0,1.0,0.922962962962963,0.9803921568627451,1.0,1.0,1.0,1.0,1.0,1.0,1.0,1.0,1.0,1.0,1.0,1.0,1.0,1.0,1.0,1.0,1.0,1.0,1.0,1.0,1.0,1.0,1.0,1.0 0.1785714285714286 1 1,1,9,14,1,1,1,1,4,2,3,1,1,4,1,1,1,1,1,2,1,1,1,1,1,1,1,1 
31-24 -1,-1,0.5038888888888888,0.9581807081807082,-1,-1,-1,-1,0.33939393939393936,0.004385964912280715,0.36309523809523814,-1,-1,0.19015151515151518,-1,-1,-1,-1,-1,0.026315789473684292,-1,-1,-1,-1,-1,-1,-1,-1 1.0,1.0,-1,-1,1.0,1.0,1.0,1.0,-1,1.0,-1,1.0,1.0,-1,1.0,1.0,1.0,1.0,1.0,-1,1.0,1.0,1.0,1.0,1.0,1.0,1.0,1.0 1.0,1.0,0.922962962962963,0.9803921568627451,1.0,1.0,1.0,1.0,1.0,1.0,1.0,1.0,1.0,1.0,1.0,1.0,1.0,1.0,1.0,1.0,1.0,1.0,1.0,1.0,1.0,1.0,1.0,1.0 0.1785714285714286 1 1,1,9,14,1,1,1,1,4,2,3,1,1,4,1,1,1,1,1,2,1,1,1,1,1,1,1,1 
31-25 -1,-1,0.5038888888888888,0.9581807081807082,-1,-1,-1,-1,0.33939393939393936,0.004385964912280715,0.36309523809523814,-1,-1,0.19015151515151518,-1,-1,-1,-1,-1,0.026315789473684292,-1,-1,-1,-1,-1,-1,-1,-1 1.0,1.0,-1,-1,1.0,1.0,1.0,1.0,-1,1.0,-1,1.0,1.0,-1,1.0,1.0,1.0,1.0,1.0,-1,1.0,1.0,1.0,1.0,1.0,1.0,1.0,1.0 1.0,1.0,0.922962962962963,0.9803921568627451,1.0,1.0,1.0,1.0,1.0,1.0,1.0,1.0,1.0,1.0,1.0,1.0,1.0,1.0,1.0,1.0,1.0,1.0,1.0,1.0,1.0,1.0,1.0,1.0 0.1785714285714286 1 1,1,9,14,1,1,1,1,4,2,3,1,1,4,1,1,1,1,1,2,1,1,1,1,1,1,1,1 
31-27 -1,-1,0.5038888888888888,0.9581807081807082,-1,-1,-1,-1,0.33939393939393936,0.004385964912280715,0.36309523809523814,-1,-1,0.19015151515151518,-1,-1,-1,-1,-1,0.026315789473684292,-1,-1,-1,-1,-1,-1,-1,-1 1.0,1.0,-1,-1,1.0,1.0,1.0,1.0,-1,1.0,-1,1.0,1.0,-1,1.0,1.0,1.0,1.0,1.0,-1,1.0,1.0,1.0,1.0,1.0,1.0,1.0,1.0 1.0,1.0,0.922962962962963,0.9803921568627451,1.0,1.0,1.0,1.0,1.0,1.0,1.0,1.0,1.0,1.0,1.0,1.0,1.0,1.0,1.0,1.0,1.0,1.0,1.0,1.0,1.0,1.0,1.0,1.0 0.1785714285714286 1 1,1,9,14,1,1,1,1,4,2,3,1,1,4,1,1,1,1,1,2,1,1,1,1,1,1,1,1 
31-28 -1,-1,0.5038888888888888,0.9581807081807082,-1,-1,-1,-1,0.33939393939393936,0.004385964912280715,0.36309523809523814,-1,-1,0.19015151515151518,-1,-1,-1,-1,-1,0.026315789473684292,-1,-1,-1,-1,-1,-1,-1,-1 1.0,1.0,-1,-1,1.0,1.0,1.0,1.0,-1,1.0,-1,1.0,1.0,-1,1.0,1.0,1.0,1.0,1.0,-1,1.0,1.0,1.0,1.0,1.0,1.0,1.0,1.0 1.0,1.0,0.922962962962963,0.9803921568627451,1.0,1.0,1.0,1.0,1.0,1.0,1.0,1.0,1.0,1.0,1.0,1.0,1.0,1.0,1.0,1.0,1.0,1.0,1.0,1.0,1.0,1.0,1.0,1.0 0.1785714285714286 1 1,1,9,14,1,1,1,1,4,2,3,1,1,4,1,1,1,1,1,2,1,1,1,1,1,1,1,1 
31-29 -1,-1,0.5038888888888888,0.9581807081807082,-1,-1,-1,-1,0.33939393939393936,0.004385964912280715,0.36309523809523814,-1,-1,0.19015151515151518,-1,-1,-1,-1,-1,0.026315789473684292,-1,-1,-1,-1,-1,-1,-1,-1 1.0,1.0,-1,-1,1.0,1.0,1.0,1.0,-1,1.0,-1,1.0,1.0,-1,1.0,1.0,1.0,1.0,1.0,-1,1.0,1.0,1.0,1.0,1.0,1.0,1.0,1.0 1.0,1.0,0.922962962962963,0.9803921568627451,1.0,1.0,1.0,1.0,1.0,1.0,1.0,1.0,1.0,1.0,1.0,1.0,1.0,1.0,1.0,1.0,1.0,1.0,1.0,1.0,1.0,1.0,1.0,1.0 0.1785714285714286 1 1,1,9,14,1,1,1,1,4,2,3,1,1,4,1,1,1,1,1,2,1,1,1,1,1,1,1,1 
31-30 -1,-1,0.5038888888888888,0.9581807081807082,-1,-1,-1,-1,0.33939393939393936,0.004385964912280715,0.36309523809523814,-1,-1,0.19015151515151518,-1,-1,-1,-1,-1,0.026315789473684292,-1,-1,-1,-1,-1,-1,-1,-1 1.0,1.0,-1,-1,1.0,1.0,1.0,1.0,-1,1.0,-1,1.0,1.0,-1,1.0,1.0,1.0,1.0,1.0,-1,1.0,1.0,1.0,1.0,1.0,1.0,1.0,1.0 1.0,1.0,0.922962962962963,0.9803921568627451,1.0,1.0,1.0,1.0,1.0,1.0,1.0,1.0,1.0,1.0,1.0,1.0,1.0,1.0,1.0,1.0,1.0,1.0,1.0,1.0,1.0,1.0,1.0,1.0 0.1785714285714286 1 1,1,9,14,1,1,1,1,4,2,3,1,1,4,1,1,1,1,1,2,1,1,1,1,1,1,1,1 
31-31 -1,-1,0.5038888888888888,0.9581807081807082,-1,-1,-1,-1,0.33939393939393936,0.004385964912280715,0.36309523809523814,-1,-1,0.19015151515151518,-1,-1,-1,-1,-1,0.026315789473684292,-1,-1,-1,-1,-1,-1,-1,-1 1.0,1.0,-1,-1,1.0,1.0,1.0,1.0,-1,1.0,-1,1.0,1.0,-1,1.0,1.0,1.0,1.0,1.0,-1,1.0,1.0,1.0,1.0,1.0,1.0,1.0,1.0 1.0,1.0,0.922962962962963,0.9803921568627451,1.0,1.0,1.0,1.0,1.0,1.0,1.0,1.0,1.0,1.0,1.0,1.0,1.0,1.0,1.0,1.0,1.0,1.0,1.0,1.0,1.0,1.0,1.0,1.0 0.1785714285714286 1 1,1,9,14,1,1,1,1,4,2,3,1,1,4,1,1,1,1,1,2,1,1,1,1,1,1,1,1 
31-33 -1,-1,0.5038888888888888,0.9581807081807082,-1,-1,-1,-1,0.33939393939393936,0.004385964912280715,0.36309523809523814,-1,-1,0.19015151515151518,-1,-1,-1,-1,-1,0.026315789473684292,-1,-1,-1,-1,-1,-1,-1,-1 1.0,1.0,-1,-1,1.0,1.0,1.0,1.0,-1,1.0,-1,1.0,1.0,-1,1.0,1.0,1.0,1.0,1.0,-1,1.0,1.0,1.0,1.0,1.0,1.0,1.0,1.0 1.0,1.0,0.922962962962963,0.9803921568627451,1.0,1.0,1.0,1.0,1.0,1.0,1.0,1.0,1.0,1.0,1.0,1.0,1.0,1.0,1.0,1.0,1.0,1.0,1.0,1.0,1.0,1.0,1.0,1.0 0.1785714285714286 1 1,1,9,14,1,1,1,1,4,2,3,1,1,4,1,1,1,1,1,2,1,1,1,1,1,1,1,1 
31-34 -1,-1,0.5038888888888888,0.9581807081807082,-1,-1,-1,-1,0.33939393939393936,0.004385964912280715,0.36309523809523814,-1,-1,0.19015151515151518,-1,-1,-1,-1,-1,0.026315789473684292,-1,-1,-1,-1,-1,-1,-1,-1 1.0,1.0,-1,-1,1.0,1.0,1.0,1.0,-1,1.0,-1,1.0,1.0,-1,1.0,1.0,1.0,1.0,1.0,-1,1.0,1.0,1.0,1.0,1.0,1.0,1.0,1.0 1.0,1.0,0.922962962962963,0.9803921568627451,1.0,1.0,1.0,1.0,1.0,1.0,1.0,1.0,1.0,1.0,1.0,1.0,1.0,1.0,1.0,1.0,1.0,1.0,1.0,1.0,1.0,1.0,1.0,1.0 0.1785714285714286 1 1,1,9,14,1,1,1,1,4,2,3,1,1,4,1,1,1,1,1,2,1,1,1,1,1,1,1,1 
33-0 0.6708592132505176,0.648063648063648,0.9534559643255296 1.0,-1,-1 0.8517740429505135,0.9312354312354313,1.0 1.0 1 24,22,13 
33-6 0.6708592132505176,0.648063648063648,0.9534559643255296 1.0,-1,-1 0.8517740429505135,0.9312354312354313,1.0 1.0 1 24,22,13 
33-7 0.6708592132505176,0.648063648063648,0.9534559643255296 1.0,-1,-1 0.8517740429505135,0.9312354312354313,1.0 1.0 1 24,22,13 
33-8 0.6708592132505176,0.648063648063648,0.9534559643255296 1.0,-1,-1 0.8517740429505135,0.9312354312354313,1.0 1.0 1 24,22,13 
33-14 0.6708592132505176,0.648063648063648,0.9534559643255296 0.5217391304347826,-1,-1 0.8517740429505135,0.9312354312354313,1.0 1.0 1 24,22,13 
33-15 0.6708592132505176,0.648063648063648,0.9534559643255296 0.5217391304347826,-1,-1 0.8517740429505135,0.9312354312354313,1.0 1.0 1 24,22,13 
33-16 0.6708592132505176,0.648063648063648,0.9534559643255296 0.5217391304347826,-1,-1 0.8517740429505135,0.9312354312354313,1.0 1.0 1 24,22,13 
33-17 0.6708592132505176,0.648063648063648,0.9534559643255296 0.5217391304347826,-1,-1 0.8517740429505135,0.9312354312354313,1.0 1.0 1 24,22,13 
33-22 0.6708592132505176,0.648063648063648,0.9534559643255296 0.5217391304347826,-1,-1 0.8517740429505135,0.9312354312354313,1.0 1.0 1 24,22,13 
33-23 0.6708592132505176,0.648063648063648,0.9534559643255296 0.5217391304347826,-1,-1 0.8517740429505135,0.9312354312354313,1.0 1.0 1 24,22,13 
33-24 0.6708592132505176,0.648063648063648,0.9534559643255296 0.5217391304347826,-1,-1 0.8517740429505135,0.9312354312354313,1.0 1.0 1 24,22,13 
33-25 0.6708592132505176,0.648063648063648,0.9534559643255296 0.5217391304347826,-1,-1 0.8517740429505135,0.9312354312354313,1.0 1.0 1 24,22,13 
33-27 0.6708592132505176,0.648063648063648,0.9534559643255296 1.0,-1,-1 0.8517740429505135,0.9312354312354313,1.0 1.0 1 24,22,13 
33-28 0.6708592132505176,0.648063648063648,0.9534559643255296 1.0,-1,-1 0.8517740429505135,0.9312354312354313,1.0 1.0 1 24,22,13 
33-29 0.6708592132505176,0.648063648063648,0.9534559643255296 0.08695652173913043,-1,-1 0.8517740429505135,0.9312354312354313,1.0 1.0 1 24,22,13 
33-30 0.6708592132505176,0.648063648063648,0.9534559643255296 0.08695652173913043,-1,-1 0.8517740429505135,0.9312354312354313,1.0 1.0 1 24,22,13 
33-31 0.6708592132505176,0.648063648063648,0.9534559643255296 0.08695652173913043,-1,-1 0.8517740429505135,0.9312354312354313,1.0 1.0 1 24,22,13 
33-33 0.6708592132505176,0.648063648063648,0.9534559643255296 1.0,-1,-1 0.8517740429505135,0.9312354312354313,1.0 1.0 1 24,22,13 
33-34 0.6708592132505176,0.648063648063648,0.9534559643255296 0.5217391304347826,-1,-1 0.8517740429505135,0.9312354312354313,1.0 1.0 1 24,22,13 
34-0 0.8882113821138211,0.9534559643255296,-1,0.5045454545454545 1.0,-1,-1,-1 0.8554179459757822,1.0,1.0,1.0 0.75 1 41,13,1,4 
34-6 0.8882113821138211,0.9534559643255296,-1,0.5045454545454545 1.0,-1,-1,-1 0.8554179459757822,1.0,1.0,1.0 0.75 1 41,13,1,4 
34-7 0.8882113821138211,0.9534559643255296,-1,0.5045454545454545 1.0,-1,-1,-1 0.8554179459757822,1.0,1.0,1.0 0.75 1 41,13,1,4 
34-8 0.8882113821138211,0.9534559643255296,-1,0.5045454545454545 1.0,-1,-1,-1 0.8554179459757822,1.0,1.0,1.0 0.75 1 41,13,1,4 
34-14 0.8882113821138211,0.9534559643255296,-1,0.5045454545454545 0.5217391304347826,-1,-1,-1 0.8554179459757822,1.0,1.0,1.0 0.75 1 41,13,1,4 
34-15 0.8882113821138211,0.9534559643255296,-1,0.5045454545454545 0.5217391304347826,-1,-1,-1 0.8554179459757822,1.0,1.0,1.0 0.75 1 41,13,1,4 
34-16 0.8882113821138211,0.9534559643255296,-1,0.5045454545454545 0.5217391304347826,-1,-1,-1 0.8554179459757822,1.0,1.0,1.0 0.75 1 41,13,1,4 
34-17 0.8882113821138211,0.9534559643255296,-1,0.5045454545454545 0.5217391304347826,-1,-1,-1 0.8554179459757822,1.0,1.0,1.0 0.75 1 41,13,1,4 
34-22 0.8882113821138211,0.9534559643255296,-1,0.5045454545454545 0.5217391304347826,-1,-1,-1 0.8554179459757822,1.0,1.0,1.0 0.75 1 41,13,1,4 
34-23 0.8882113821138211,0.9534559643255296,-1,0.5045454545454545 0.5217391304347826,-1,-1,-1 0.8554179459757822,1.0,1.0,1.0 0.75 1 41,13,1,4 
34-24 0.8882113821138211,0.9534559643255296,-1,0.5045454545454545 0.5217391304347826,-1,-1,-1 0.8554179459757822,1.0,1.0,1.0 0.75 1 41,13,1,4 
34-25 0.8882113821138211,0.9534559643255296,-1,0.5045454545454545 0.5217391304347826,-1,-1,-1 0.8554179459757822,1.0,1.0,1.0 0.75 1 41,13,1,4 
34-27 0.8882113821138211,0.9534559643255296,-1,0.5045454545454545 1.0,-1,-1,-1 0.8554179459757822,1.0,1.0,1.0 0.75 1 41,13,1,4 
34-28 0.8882113821138211,0.9534559643255296,-1,0.5045454545454545 1.0,-1,-1,-1 0.8554179459757822,1.0,1.0,1.0 0.75 1 41,13,1,4 
34-29 0.8882113821138211,0.9534559643255296,-1,0.5045454545454545 0.08695652173913043,-1,-1,-1 0.8554179459757822,1.0,1.0,1.0 0.75 1 41,13,1,4 
34-30 0.8882113821138211,0.9534559643255296,-1,0.5045454545454545 0.08695652173913043,-1,-1,-1 0.8554179459757822,1.0,1.0,1.0 0.75 1 41,13,1,4 
34-31 0.8882113821138211,0.9534559643255296,-1,0.5045454545454545 0.08695652173913043,-1,-1,-1 0.8554179459757822,1.0,1.0,1.0 0.75 1 41,13,1,4 
34-33 0.8882113821138211,0.9534559643255296,-1,0.5045454545454545 1.0,-1,-1,-1 0.8554179459757822,1.0,1.0,1.0 0.75 1 41,13,1,4 
34-34 0.8882113821138211,0.9534559643255296,-1,0.5045454545454545 0.5217391304347826,-1,-1,-1 0.8554179459757822,1.0,1.0,1.0 0.75 1 41,13,1,4 
