0-0 -2 1.0 0.6019248006793414 1.0 -1 41 
6-0 -2 0.9565217391304348 0.6019248006793414 1.0 -1 41 
7-0 -2 1.0 0.6019248006793414 1.0 -1 41 
8-0 -2 1.0 0.6019248006793414 1.0 -1 41 
14-0 -2 1.0 0.6019248006793414 1.0 -1 41 
15-0 -2 1.0 0.6019248006793414 1.0 -1 41 
16-0 -2 1.0 0.6019248006793414 1.0 -1 41 
17-0 -2 1.0 0.6019248006793414 1.0 -1 41 
22-0 -2 1.0 0.6019248006793414 1.0 -1 41 
23-0 -2 1.0 0.6019248006793414 1.0 -1 41 
24-0 -2 1.0 0.6019248006793414 1.0 -1 41 
25-0 -2 1.0 0.6019248006793414 1.0 -1 41 
27-0 -2 1.0 0.6019248006793414 1.0 -1 41 
28-0 -2 1.0 0.6019248006793414 1.0 -1 41 
29-0 -2 0.08695652173913043 0.6019248006793414 1.0 -1 41 
30-0 -2 0.08695652173913043 0.6019248006793414 1.0 -1 41 
31-0 -2 0.08695652173913043 0.6019248006793414 1.0 -1 41 
33-0 -2 1.0 0.6019248006793414 1.0 -1 41 
34-0 -2 1.0 0.6019248006793414 1.0 -1 41 
0-6 -2 1.0 0.6019248006793414 1.0 -1 41 
6-6 -2 0.9565217391304348 0.6019248006793414 1.0 -1 41 
7-6 -2 1.0 0.6019248006793414 1.0 -1 41 
8-6 -2 1.0 0.6019248006793414 1.0 -1 41 
14-6 -2 1.0 0.6019248006793414 1.0 -1 41 
15-6 -2 1.0 0.6019248006793414 1.0 -1 41 
16-6 -2 1.0 0.6019248006793414 1.0 -1 41 
17-6 -2 1.0 0.6019248006793414 1.0 -1 41 
22-6 -2 1.0 0.6019248006793414 1.0 -1 41 
23-6 -2 1.0 0.6019248006793414 1.0 -1 41 
24-6 -2 1.0 0.6019248006793414 1.0 -1 41 
25-6 -2 1.0 0.6019248006793414 1.0 -1 41 
27-6 -2 1.0 0.6019248006793414 1.0 -1 41 
28-6 -2 1.0 0.6019248006793414 1.0 -1 41 
29-6 -2 0.08695652173913043 0.6019248006793414 1.0 -1 41 
30-6 -2 0.08695652173913043 0.6019248006793414 1.0 -1 41 
31-6 -2 0.08695652173913043 0.6019248006793414 1.0 -1 41 
33-6 -2 1.0 0.6019248006793414 1.0 -1 41 
34-6 -2 1.0 0.6019248006793414 1.0 -1 41 
0-7 -2 1.0 0.6019248006793414 1.0 -1 41 
6-7 -2 0.9565217391304348 0.6019248006793414 1.0 -1 41 
7-7 -2 1.0 0.6019248006793414 1.0 -1 41 
8-7 -2 1.0 0.6019248006793414 1.0 -1 41 
14-7 -2 1.0 0.6019248006793414 1.0 -1 41 
15-7 -2 1.0 0.6019248006793414 1.0 -1 41 
16-7 -2 1.0 0.6019248006793414 1.0 -1 41 
17-7 -2 1.0 0.6019248006793414 1.0 -1 41 
22-7 -2 1.0 0.6019248006793414 1.0 -1 41 
23-7 -2 1.0 0.6019248006793414 1.0 -1 41 
24-7 -2 1.0 0.6019248006793414 1.0 -1 41 
25-7 -2 1.0 0.6019248006793414 1.0 -1 41 
27-7 -2 1.0 0.6019248006793414 1.0 -1 41 
28-7 -2 1.0 0.6019248006793414 1.0 -1 41 
29-7 -2 0.08695652173913043 0.6019248006793414 1.0 -1 41 
30-7 -2 0.08695652173913043 0.6019248006793414 1.0 -1 41 
31-7 -2 0.08695652173913043 0.6019248006793414 1.0 -1 41 
33-7 -2 1.0 0.6019248006793414 1.0 -1 41 
34-7 -2 1.0 0.6019248006793414 1.0 -1 41 
0-8 0.484352773826458,0.3421052631578947 1.0,-1 0.6036343275984933,1.0 1.0 1 38,3 
6-8 0.484352773826458,0.3421052631578947 0.9565217391304348,-1 0.6036343275984933,1.0 1.0 1 38,3 
7-8 0.484352773826458,0.3421052631578947 1.0,-1 0.6036343275984933,1.0 1.0 1 38,3 
8-8 0.484352773826458,0.3421052631578947 1.0,-1 0.6036343275984933,1.0 1.0 1 38,3 
14-8 0.484352773826458,0.3421052631578947 1.0,-1 0.6036343275984933,1.0 1.0 1 38,3 
15-8 0.484352773826458,0.3421052631578947 1.0,-1 0.6036343275984933,1.0 1.0 1 38,3 
16-8 0.484352773826458,0.3421052631578947 1.0,-1 0.6036343275984933,1.0 1.0 1 38,3 
17-8 0.484352773826458,0.3421052631578947 1.0,-1 0.6036343275984933,1.0 1.0 1 38,3 
22-8 0.484352773826458,0.3421052631578947 1.0,-1 0.6036343275984933,1.0 1.0 1 38,3 
23-8 0.484352773826458,0.3421052631578947 1.0,-1 0.6036343275984933,1.0 1.0 1 38,3 
24-8 0.484352773826458,0.3421052631578947 1.0,-1 0.6036343275984933,1.0 1.0 1 38,3 
25-8 0.484352773826458,0.3421052631578947 1.0,-1 0.6036343275984933,1.0 1.0 1 38,3 
27-8 0.484352773826458,0.3421052631578947 1.0,-1 0.6036343275984933,1.0 1.0 1 38,3 
28-8 0.484352773826458,0.3421052631578947 1.0,-1 0.6036343275984933,1.0 1.0 1 38,3 
29-8 0.484352773826458,0.3421052631578947 0.08695652173913043,-1 0.6036343275984933,1.0 1.0 1 38,3 
30-8 0.484352773826458,0.3421052631578947 0.08695652173913043,-1 0.6036343275984933,1.0 1.0 1 38,3 
31-8 0.484352773826458,0.3421052631578947 0.08695652173913043,-1 0.6036343275984933,1.0 1.0 1 38,3 
33-8 0.484352773826458,0.3421052631578947 1.0,-1 0.6036343275984933,1.0 1.0 1 38,3 
34-8 0.484352773826458,0.3421052631578947 1.0,-1 0.6036343275984933,1.0 1.0 1 38,3 
0-14 0.9241901776384535,0.9833333333333333 1.0,1.0 0.599543825350277,0.9864190687361419 1.0 1 30,11 
6-14 0.9241901776384535,0.9833333333333333 0.9166666666666666,1.0 0.599543825350277,0.9864190687361419 1.0 1 30,11 
7-14 0.9241901776384535,0.9833333333333333 1.0,1.0 0.599543825350277,0.9864190687361419 1.0 1 30,11 
8-14 0.9241901776384535,0.9833333333333333 1.0,1.0 0.599543825350277,0.9864190687361419 1.0 1 30,11 
14-14 0.9241901776384535,0.9833333333333333 1.0,1.0 0.599543825350277,0.9864190687361419 1.0 1 30,11 
15-14 0.9241901776384535,0.9833333333333333 1.0,1.0 0.599543825350277,0.9864190687361419 1.0 1 30,11 
16-14 0.9241901776384535,0.9833333333333333 1.0,1.0 0.599543825350277,0.9864190687361419 1.0 1 30,11 
17-14 0.9241901776384535,0.9833333333333333 1.0,1.0 0.599543825350277,0.9864190687361419 1.0 1 30,11 
22-14 0.9241901776384535,0.9833333333333333 1.0,1.0 0.599543825350277,0.9864190687361419 1.0 1 30,11 
23-14 0.9241901776384535,0.9833333333333333 1.0,1.0 0.599543825350277,0.9864190687361419 1.0 1 30,11 
24-14 0.9241901776384535,0.9833333333333333 1.0,1.0 0.599543825350277,0.9864190687361419 1.0 1 30,11 
25-14 0.9241901776384535,0.9833333333333333 1.0,1.0 0.599543825350277,0.9864190687361419 1.0 1 30,11 
27-14 0.9241901776384535,0.9833333333333333 1.0,1.0 0.599543825350277,0.9864190687361419 1.0 1 30,11 
28-14 0.9241901776384535,0.9833333333333333 1.0,1.0 0.599543825350277,0.9864190687361419 1.0 1 30,11 
29-14 0.9241901776384535,0.9833333333333333 0.16666666666666666,0.09090909090909091 0.599543825350277,0.9864190687361419 1.0 1 30,11 
30-14 0.9241901776384535,0.9833333333333333 0.16666666666666666,0.18181818181818182 0.599543825350277,0.9864190687361419 1.0 1 30,11 
31-14 0.9241901776384535,0.9833333333333333 0.16666666666666666,0.09090909090909091 0.599543825350277,0.9864190687361419 1.0 1 30,11 
33-14 0.9241901776384535,0.9833333333333333 1.0,1.0 0.599543825350277,0.9864190687361419 1.0 1 30,11 
34-14 0.9241901776384535,0.9833333333333333 1.0,1.0 0.599543825350277,0.9864190687361419 1.0 1 30,11 
0-15 0.9241901776384535,0.6666666666666667,0.6666666666666667,0.0064102564102563875,-1,0.0064102564102563875 1.0,1.0,1.0,1.0,1.0,1.0 0.599543825350277,0.9917948717948718,0.9938461538461538,1.0,1.0,1.0 0.5 1 30,3,3,2,1,2 
6-15 0.9241901776384535,0.6666666666666667,0.6666666666666667,0.0064102564102563875,-1,0.0064102564102563875 0.9166666666666666,1.0,1.0,1.0,1.0,1.0 0.599543825350277,0.9917948717948718,0.9938461538461538,1.0,1.0,1.0 0.5 1 30,3,3,2,1,2 
7-15 0.9241901776384535,0.6666666666666667,0.6666666666666667,0.0064102564102563875,-1,0.0064102564102563875 1.0,1.0,1.0,1.0,1.0,1.0 0.599543825350277,0.9917948717948718,0.9938461538461538,1.0,1.0,1.0 0.5 1 30,3,3,2,1,2 
8-15 0.9241901776384535,0.6666666666666667,0.6666666666666667,0.0064102564102563875,-1,0.0064102564102563875 1.0,1.0,1.0,1.0,1.0,1.0 0.599543825350277,0.9917948717948718,0.9938461538461538,1.0,1.0,1.0 0.5 1 30,3,3,2,1,2 
14-15 0.9241901776384535,0.6666666666666667,0.6666666666666667,0.0064102564102563875,-1,0.0064102564102563875 1.0,1.0,1.0,1.0,1.0,1.0 0.599543825350277,0.9917948717948718,0.9938461538461538,1.0,1.0,1.0 0.5 1 30,3,3,2,1,2 
15-15 0.9241901776384535,0.6666666666666667,0.6666666666666667,0.0064102564102563875,-1,0.0064102564102563875 1.0,1.0,1.0,1.0,1.0,1.0 0.599543825350277,0.9917948717948718,0.9938461538461538,1.0,1.0,1.0 0.5 1 30,3,3,2,1,2 
16-15 0.9241901776384535,0.6666666666666667,0.6666666666666667,0.0064102564102563875,-1,0.0064102564102563875 1.0,1.0,1.0,1.0,1.0,1.0 0.599543825350277,0.9917948717948718,0.9938461538461538,1.0,1.0,1.0 0.5 1 30,3,3,2,1,2 
17-15 0.9241901776384535,0.6666666666666667,0.6666666666666667,0.0064102564102563875,-1,0.0064102564102563875 1.0,1.0,1.0,1.0,1.0,1.0 0.599543825350277,0.9917948717948718,0.9938461538461538,1.0,1.0,1.0 0.5 1 30,3,3,2,1,2 
22-15 0.9241901776384535,0.6666666666666667,0.6666666666666667,0.0064102564102563875,-1,0.0064102564102563875 1.0,1.0,1.0,1.0,1.0,1.0 0.599543825350277,0.9917948717948718,0.9938461538461538,1.0,1.0,1.0 0.5 1 30,3,3,2,1,2 
23-15 0.9241901776384535,0.6666666666666667,0.6666666666666667,0.0064102564102563875,-1,0.0064102564102563875 1.0,1.0,1.0,1.0,1.0,1.0 0.599543825350277,0.9917948717948718,0.9938461538461538,1.0,1.0,1.0 0.5 1 30,3,3,2,1,2 
24-15 0.9241901776384535,0.6666666666666667,0.6666666666666667,0.0064102564102563875,-1,0.0064102564102563875 1.0,1.0,1.0,1.0,1.0,1.0 0.599543825350277,0.9917948717948718,0.9938461538461538,1.0,1.0,1.0 0.5 1 30,3,3,2,1,2 
25-15 0.9241901776384535,0.6666666666666667,0.6666666666666667,0.0064102564102563875,-1,0.0064102564102563875 1.0,1.0,1.0,1.0,1.0,1.0 0.599543825350277,0.9917948717948718,0.9938461538461538,1.0,1.0,1.0 0.5 1 30,3,3,2,1,2 
27-15 0.9241901776384535,0.6666666666666667,0.6666666666666667,0.0064102564102563875,-1,0.0064102564102563875 1.0,1.0,1.0,1.0,1.0,1.0 0.599543825350277,0.9917948717948718,0.9938461538461538,1.0,1.0,1.0 0.5 1 30,3,3,2,1,2 
28-15 0.9241901776384535,0.6666666666666667,0.6666666666666667,0.0064102564102563875,-1,0.0064102564102563875 1.0,1.0,1.0,1.0,1.0,1.0 0.599543825350277,0.9917948717948718,0.9938461538461538,1.0,1.0,1.0 0.5 1 30,3,3,2,1,2 
29-15 0.9241901776384535,0.6666666666666667,0.6666666666666667,0.0064102564102563875,-1,0.0064102564102563875 0.16666666666666666,0.3333333333333333,0.3333333333333333,0.5,1.0,0.5 0.599543825350277,0.9917948717948718,0.9938461538461538,1.0,1.0,1.0 0.5 1 30,3,3,2,1,2 
30-15 0.9241901776384535,0.6666666666666667,0.6666666666666667,0.0064102564102563875,-1,0.0064102564102563875 0.16666666666666666,0.6666666666666666,0.3333333333333333,0.5,1.0,0.5 0.599543825350277,0.9917948717948718,0.9938461538461538,1.0,1.0,1.0 0.5 1 30,3,3,2,1,2 
31-15 0.9241901776384535,0.6666666666666667,0.6666666666666667,0.0064102564102563875,-1,0.0064102564102563875 0.16666666666666666,0.3333333333333333,0.3333333333333333,0.5,1.0,0.5 0.599543825350277,0.9917948717948718,0.9938461538461538,1.0,1.0,1.0 0.5 1 30,3,3,2,1,2 
33-15 0.9241901776384535,0.6666666666666667,0.6666666666666667,0.0064102564102563875,-1,0.0064102564102563875 1.0,1.0,1.0,1.0,1.0,1.0 0.599543825350277,0.9917948717948718,0.9938461538461538,1.0,1.0,1.0 0.5 1 30,3,3,2,1,2 
34-15 0.9241901776384535,0.6666666666666667,0.6666666666666667,0.0064102564102563875,-1,0.0064102564102563875 1.0,1.0,1.0,1.0,1.0,1.0 0.599543825350277,0.9917948717948718,0.9938461538461538,1.0,1.0,1.0 0.5 1 30,3,3,2,1,2 
0-16 0.9241901776384535,0.9833333333333333 1.0,1.0 0.599543825350277,0.9864190687361419 1.0 1 30,11 
6-16 0.9241901776384535,0.9833333333333333 0.9166666666666666,1.0 0.599543825350277,0.9864190687361419 1.0 1 30,11 
7-16 0.9241901776384535,0.9833333333333333 1.0,1.0 0.599543825350277,0.9864190687361419 1.0 1 30,11 
8-16 0.9241901776384535,0.9833333333333333 1.0,1.0 0.599543825350277,0.9864190687361419 1.0 1 30,11 
14-16 0.9241901776384535,0.9833333333333333 1.0,1.0 0.599543825350277,0.9864190687361419 1.0 1 30,11 
15-16 0.9241901776384535,0.9833333333333333 1.0,1.0 0.599543825350277,0.9864190687361419 1.0 1 30,11 
16-16 0.9241901776384535,0.9833333333333333 1.0,1.0 0.599543825350277,0.9864190687361419 1.0 1 30,11 
17-16 0.9241901776384535,0.9833333333333333 1.0,1.0 0.599543825350277,0.9864190687361419 1.0 1 30,11 
22-16 0.9241901776384535,0.9833333333333333 1.0,1.0 0.599543825350277,0.9864190687361419 1.0 1 30,11 
23-16 0.9241901776384535,0.9833333333333333 1.0,1.0 0.599543825350277,0.9864190687361419 1.0 1 30,11 
24-16 0.9241901776384535,0.9833333333333333 1.0,1.0 0.599543825350277,0.9864190687361419 1.0 1 30,11 
25-16 0.9241901776384535,0.9833333333333333 1.0,1.0 0.599543825350277,0.9864190687361419 1.0 1 30,11 
27-16 0.9241901776384535,0.9833333333333333 1.0,1.0 0.599543825350277,0.9864190687361419 1.0 1 30,11 
28-16 0.9241901776384535,0.9833333333333333 1.0,1.0 0.599543825350277,0.9864190687361419 1.0 1 30,11 
29-16 0.9241901776384535,0.9833333333333333 0.16666666666666666,0.09090909090909091 0.599543825350277,0.9864190687361419 1.0 1 30,11 
30-16 0.9241901776384535,0.9833333333333333 0.16666666666666666,0.18181818181818182 0.599543825350277,0.9864190687361419 1.0 1 30,11 
31-16 0.9241901776384535,0.9833333333333333 0.16666666666666666,0.09090909090909091 0.599543825350277,0.9864190687361419 1.0 1 30,11 
33-16 0.9241901776384535,0.9833333333333333 1.0,1.0 0.599543825350277,0.9864190687361419 1.0 1 30,11 
34-16 0.9241901776384535,0.9833333333333333 1.0,1.0 0.599543825350277,0.9864190687361419 1.0 1 30,11 
0-17 0.9241901776384535,-1,-1,0.8861111111111111,0.6710526315789473,-1 1.0,1.0,1.0,1.0,1.0,1.0 0.599543825350277,1.0,1.0,0.9847560975609756,0.9877675840978594,1.0 0.5 1 30,1,1,5,3,1 
6-17 0.9241901776384535,-1,-1,0.8861111111111111,0.6710526315789473,-1 0.9166666666666666,1.0,1.0,1.0,1.0,1.0 0.599543825350277,1.0,1.0,0.9847560975609756,0.9877675840978594,1.0 0.5 1 30,1,1,5,3,1 
7-17 0.9241901776384535,-1,-1,0.8861111111111111,0.6710526315789473,-1 1.0,1.0,1.0,1.0,1.0,1.0 0.599543825350277,1.0,1.0,0.9847560975609756,0.9877675840978594,1.0 0.5 1 30,1,1,5,3,1 
8-17 0.9241901776384535,-1,-1,0.8861111111111111,0.6710526315789473,-1 1.0,1.0,1.0,1.0,1.0,1.0 0.599543825350277,1.0,1.0,0.9847560975609756,0.9877675840978594,1.0 0.5 1 30,1,1,5,3,1 
14-17 0.9241901776384535,-1,-1,0.8861111111111111,0.6710526315789473,-1 1.0,1.0,1.0,1.0,1.0,1.0 0.599543825350277,1.0,1.0,0.9847560975609756,0.9877675840978594,1.0 0.5 1 30,1,1,5,3,1 
15-17 0.9241901776384535,-1,-1,0.8861111111111111,0.6710526315789473,-1 1.0,1.0,1.0,1.0,1.0,1.0 0.599543825350277,1.0,1.0,0.9847560975609756,0.9877675840978594,1.0 0.5 1 30,1,1,5,3,1 
16-17 0.9241901776384535,-1,-1,0.8861111111111111,0.6710526315789473,-1 1.0,1.0,1.0,1.0,1.0,1.0 0.599543825350277,1.0,1.0,0.9847560975609756,0.9877675840978594,1.0 0.5 1 30,1,1,5,3,1 
17-17 0.9241901776384535,-1,-1,0.8861111111111111,0.6710526315789473,-1 1.0,1.0,1.0,1.0,1.0,1.0 0.599543825350277,1.0,1.0,0.9847560975609756,0.9877675840978594,1.0 0.5 1 30,1,1,5,3,1 
22-17 0.9241901776384535,-1,-1,0.8861111111111111,0.6710526315789473,-1 1.0,1.0,1.0,1.0,1.0,1.0 0.599543825350277,1.0,1.0,0.9847560975609756,0.9877675840978594,1.0 0.5 1 30,1,1,5,3,1 
23-17 0.9241901776384535,-1,-1,0.8861111111111111,0.6710526315789473,-1 1.0,1.0,1.0,1.0,1.0,1.0 0.599543825350277,1.0,1.0,0.9847560975609756,0.9877675840978594,1.0 0.5 1 30,1,1,5,3,1 
24-17 0.9241901776384535,-1,-1,0.8861111111111111,0.6710526315789473,-1 1.0,1.0,1.0,1.0,1.0,1.0 0.599543825350277,1.0,1.0,0.9847560975609756,0.9877675840978594,1.0 0.5 1 30,1,1,5,3,1 
25-17 0.9241901776384535,-1,-1,0.8861111111111111,0.6710526315789473,-1 1.0,1.0,1.0,1.0,1.0,1.0 0.599543825350277,1.0,1.0,0.9847560975609756,0.9877675840978594,1.0 0.5 1 30,1,1,5,3,1 
27-17 0.9241901776384535,-1,-1,0.8861111111111111,0.6710526315789473,-1 1.0,1.0,1.0,1.0,1.0,1.0 0.599543825350277,1.0,1.0,0.9847560975609756,0.9877675840978594,1.0 0.5 1 30,1,1,5,3,1 
28-17 0.9241901776384535,-1,-1,0.8861111111111111,0.6710526315789473,-1 1.0,1.0,1.0,1.0,1.0,1.0 0.599543825350277,1.0,1.0,0.9847560975609756,0.9877675840978594,1.0 0.5 1 30,1,1,5,3,1 
29-17 0.9241901776384535,-1,-1,0.8861111111111111,0.6710526315789473,-1 0.16666666666666666,1.0,1.0,0.2,0.3333333333333333,1.0 0.599543825350277,1.0,1.0,0.9847560975609756,0.9877675840978594,1.0 0.5 1 30,1,1,5,3,1 
30-17 0.9241901776384535,-1,-1,0.8861111111111111,0.6710526315789473,-1 0.16666666666666666,1.0,1.0,0.2,0.3333333333333333,1.0 0.599543825350277,1.0,1.0,0.9847560975609756,0.9877675840978594,1.0 0.5 1 30,1,1,5,3,1 
31-17 0.9241901776384535,-1,-1,0.8861111111111111,0.6710526315789473,-1 0.16666666666666666,1.0,1.0,0.2,0.3333333333333333,1.0 0.599543825350277,1.0,1.0,0.9847560975609756,0.9877675840978594,1.0 0.5 1 30,1,1,5,3,1 
33-17 0.9241901776384535,-1,-1,0.8861111111111111,0.6710526315789473,-1 1.0,1.0,1.0,1.0,1.0,1.0 0.599543825350277,1.0,1.0,0.9847560975609756,0.9877675840978594,1.0 0.5 1 30,1,1,5,3,1 
34-17 0.9241901776384535,-1,-1,0.8861111111111111,0.6710526315789473,-1 1.0,1.0,1.0,1.0,1.0,1.0 0.599543825350277,1.0,1.0,0.9847560975609756,0.9877675840978594,1.0 0.5 1 30,1,1,5,3,1 
0-22 0.9241901776384535,0.9833333333333333 1.0,1.0 0.599543825350277,0.9864190687361419 1.0 1 30,11 
6-22 0.9241901776384535,0.9833333333333333 0.9166666666666666,1.0 0.599543825350277,0.9864190687361419 1.0 1 30,11 
7-22 0.9241901776384535,0.9833333333333333 1.0,1.0 0.599543825350277,0.9864190687361419 1.0 1 30,11 
8-22 0.9241901776384535,0.9833333333333333 1.0,1.0 0.599543825350277,0.9864190687361419 1.0 1 30,11 
14-22 0.9241901776384535,0.9833333333333333 1.0,1.0 0.599543825350277,0.9864190687361419 1.0 1 30,11 
15-22 0.9241901776384535,0.9833333333333333 1.0,1.0 0.599543825350277,0.9864190687361419 1.0 1 30,11 
16-22 0.9241901776384535,0.9833333333333333 1.0,1.0 0.599543825350277,0.9864190687361419 1.0 1 30,11 
17-22 0.9241901776384535,0.9833333333333333 1.0,1.0 0.599543825350277,0.9864190687361419 1.0 1 30,11 
22-22 0.9241901776384535,0.9833333333333333 1.0,1.0 0.599543825350277,0.9864190687361419 1.0 1 30,11 
23-22 0.9241901776384535,0.9833333333333333 1.0,1.0 0.599543825350277,0.9864190687361419 1.0 1 30,11 
24-22 0.9241901776384535,0.9833333333333333 1.0,1.0 0.599543825350277,0.9864190687361419 1.0 1 30,11 
25-22 0.9241901776384535,0.9833333333333333 1.0,1.0 0.599543825350277,0.9864190687361419 1.0 1 30,11 
27-22 0.9241901776384535,0.9833333333333333 1.0,1.0 0.599543825350277,0.9864190687361419 1.0 1 30,11 
28-22 0.9241901776384535,0.9833333333333333 1.0,1.0 0.599543825350277,0.9864190687361419 1.0 1 30,11 
29-22 0.9241901776384535,0.9833333333333333 0.16666666666666666,0.09090909090909091 0.599543825350277,0.9864190687361419 1.0 1 30,11 
30-22 0.9241901776384535,0.9833333333333333 0.16666666666666666,0.18181818181818182 0.599543825350277,0.9864190687361419 1.0 1 30,11 
31-22 0.9241901776384535,0.9833333333333333 0.16666666666666666,0.09090909090909091 0.599543825350277,0.9864190687361419 1.0 1 30,11 
33-22 0.9241901776384535,0.9833333333333333 1.0,1.0 0.599543825350277,0.9864190687361419 1.0 1 30,11 
34-22 0.9241901776384535,0.9833333333333333 1.0,1.0 0.599543825350277,0.9864190687361419 1.0 1 30,11 
0-23 0.9241901776384535,0.6666666666666667,0.6666666666666667,0.0064102564102563875,-1,0.0064102564102563875 1.0,1.0,1.0,1.0,1.0,1.0 0.599543825350277,0.9917948717948718,0.9938461538461538,1.0,1.0,1.0 0.5 1 30,3,3,2,1,2 
6-23 0.9241901776384535,0.6666666666666667,0.6666666666666667,0.0064102564102563875,-1,0.0064102564102563875 0.9166666666666666,1.0,1.0,1.0,1.0,1.0 0.599543825350277,0.9917948717948718,0.9938461538461538,1.0,1.0,1.0 0.5 1 30,3,3,2,1,2 
7-23 0.9241901776384535,0.6666666666666667,0.6666666666666667,0.0064102564102563875,-1,0.0064102564102563875 1.0,1.0,1.0,1.0,1.0,1.0 0.599543825350277,0.9917948717948718,0.9938461538461538,1.0,1.0,1.0 0.5 1 30,3,3,2,1,2 
8-23 0.9241901776384535,0.6666666666666667,0.6666666666666667,0.0064102564102563875,-1,0.0064102564102563875 1.0,1.0,1.0,1.0,1.0,1.0 0.599543825350277,0.9917948717948718,0.9938461538461538,1.0,1.0,1.0 0.5 1 30,3,3,2,1,2 
14-23 0.9241901776384535,0.6666666666666667,0.6666666666666667,0.0064102564102563875,-1,0.0064102564102563875 1.0,1.0,1.0,1.0,1.0,1.0 0.599543825350277,0.9917948717948718,0.9938461538461538,1.0,1.0,1.0 0.5 1 30,3,3,2,1,2 
15-23 0.9241901776384535,0.6666666666666667,0.6666666666666667,0.0064102564102563875,-1,0.0064102564102563875 1.0,1.0,1.0,1.0,1.0,1.0 0.599543825350277,0.9917948717948718,0.9938461538461538,1.0,1.0,1.0 0.5 1 30,3,3,2,1,2 
16-23 0.9241901776384535,0.6666666666666667,0.6666666666666667,0.0064102564102563875,-1,0.0064102564102563875 1.0,1.0,1.0,1.0,1.0,1.0 0.599543825350277,0.9917948717948718,0.9938461538461538,1.0,1.0,1.0 0.5 1 30,3,3,2,1,2 
17-23 0.9241901776384535,0.6666666666666667,0.6666666666666667,0.0064102564102563875,-1,0.0064102564102563875 1.0,1.0,1.0,1.0,1.0,1.0 0.599543825350277,0.9917948717948718,0.9938461538461538,1.0,1.0,1.0 0.5 1 30,3,3,2,1,2 
22-23 0.9241901776384535,0.6666666666666667,0.6666666666666667,0.0064102564102563875,-1,0.0064102564102563875 1.0,1.0,1.0,1.0,1.0,1.0 0.599543825350277,0.9917948717948718,0.9938461538461538,1.0,1.0,1.0 0.5 1 30,3,3,2,1,2 
23-23 0.9241901776384535,0.6666666666666667,0.6666666666666667,0.0064102564102563875,-1,0.0064102564102563875 1.0,1.0,1.0,1.0,1.0,1.0 0.599543825350277,0.9917948717948718,0.9938461538461538,1.0,1.0,1.0 0.5 1 30,3,3,2,1,2 
24-23 0.9241901776384535,0.6666666666666667,0.6666666666666667,0.0064102564102563875,-1,0.0064102564102563875 1.0,1.0,1.0,1.0,1.0,1.0 0.599543825350277,0.9917948717948718,0.9938461538461538,1.0,1.0,1.0 0.5 1 30,3,3,2,1,2 
25-23 0.9241901776384535,0.6666666666666667,0.6666666666666667,0.0064102564102563875,-1,0.0064102564102563875 1.0,1.0,1.0,1.0,1.0,1.0 0.599543825350277,0.9917948717948718,0.9938461538461538,1.0,1.0,1.0 0.5 1 30,3,3,2,1,2 
27-23 0.9241901776384535,0.6666666666666667,0.6666666666666667,0.0064102564102563875,-1,0.0064102564102563875 1.0,1.0,1.0,1.0,1.0,1.0 0.599543825350277,0.9917948717948718,0.9938461538461538,1.0,1.0,1.0 0.5 1 30,3,3,2,1,2 
28-23 0.9241901776384535,0.6666666666666667,0.6666666666666667,0.0064102564102563875,-1,0.0064102564102563875 1.0,1.0,1.0,1.0,1.0,1.0 0.599543825350277,0.9917948717948718,0.9938461538461538,1.0,1.0,1.0 0.5 1 30,3,3,2,1,2 
29-23 0.9241901776384535,0.6666666666666667,0.6666666666666667,0.0064102564102563875,-1,0.0064102564102563875 0.16666666666666666,0.3333333333333333,0.3333333333333333,0.5,1.0,0.5 0.599543825350277,0.9917948717948718,0.9938461538461538,1.0,1.0,1.0 0.5 1 30,3,3,2,1,2 
30-23 0.9241901776384535,0.6666666666666667,0.6666666666666667,0.0064102564102563875,-1,0.0064102564102563875 0.16666666666666666,0.6666666666666666,0.3333333333333333,0.5,1.0,0.5 0.599543825350277,0.9917948717948718,0.9938461538461538,1.0,1.0,1.0 0.5 1 30,3,3,2,1,2 
31-23 0.9241901776384535,0.6666666666666667,0.6666666666666667,0.0064102564102563875,-1,0.0064102564102563875 0.16666666666666666,0.3333333333333333,0.3333333333333333,0.5,1.0,0.5 0.599543825350277,0.9917948717948718,0.9938461538461538,1.0,1.0,1.0 0.5 1 30,3,3,2,1,2 
33-23 0.9241901776384535,0.6666666666666667,0.6666666666666667,0.0064102564102563875,-1,0.0064102564102563875 1.0,1.0,1.0,1.0,1.0,1.0 0.599543825350277,0.9917948717948718,0.9938461538461538,1.0,1.0,1.0 0.5 1 30,3,3,2,1,2 
34-23 0.9241901776384535,0.6666666666666667,0.6666666666666667,0.0064102564102563875,-1,0.0064102564102563875 1.0,1.0,1.0,1.0,1.0,1.0 0.599543825350277,0.9917948717948718,0.9938461538461538,1.0,1.0,1.0 0.5 1 30,3,3,2,1,2 
0-24 0.9241901776384535,0.9833333333333333 1.0,1.0 0.599543825350277,0.9864190687361419 1.0 1 30,11 
6-24 0.9241901776384535,0.9833333333333333 0.9166666666666666,1.0 0.599543825350277,0.9864190687361419 1.0 1 30,11 
7-24 0.9241901776384535,0.9833333333333333 1.0,1.0 0.599543825350277,0.9864190687361419 1.0 1 30,11 
8-24 0.9241901776384535,0.9833333333333333 1.0,1.0 0.599543825350277,0.9864190687361419 1.0 1 30,11 
14-24 0.9241901776384535,0.9833333333333333 1.0,1.0 0.599543825350277,0.9864190687361419 1.0 1 30,11 
15-24 0.9241901776384535,0.9833333333333333 1.0,1.0 0.599543825350277,0.9864190687361419 1.0 1 30,11 
16-24 0.9241901776384535,0.9833333333333333 1.0,1.0 0.599543825350277,0.9864190687361419 1.0 1 30,11 
17-24 0.9241901776384535,0.9833333333333333 1.0,1.0 0.599543825350277,0.9864190687361419 1.0 1 30,11 
22-24 0.9241901776384535,0.9833333333333333 1.0,1.0 0.599543825350277,0.9864190687361419 1.0 1 30,11 
23-24 0.9241901776384535,0.9833333333333333 1.0,1.0 0.599543825350277,0.9864190687361419 1.0 1 30,11 
24-24 0.9241901776384535,0.9833333333333333 1.0,1.0 0.599543825350277,0.9864190687361419 1.0 1 30,11 
25-24 0.9241901776384535,0.9833333333333333 1.0,1.0 0.599543825350277,0.9864190687361419 1.0 1 30,11 
27-24 0.9241901776384535,0.9833333333333333 1.0,1.0 0.599543825350277,0.9864190687361419 1.0 1 30,11 
28-24 0.9241901776384535,0.9833333333333333 1.0,1.0 0.599543825350277,0.9864190687361419 1.0 1 30,11 
29-24 0.9241901776384535,0.9833333333333333 0.16666666666666666,0.09090909090909091 0.599543825350277,0.9864190687361419 1.0 1 30,11 
30-24 0.9241901776384535,0.9833333333333333 0.16666666666666666,0.18181818181818182 0.599543825350277,0.9864190687361419 1.0 1 30,11 
31-24 0.9241901776384535,0.9833333333333333 0.16666666666666666,0.09090909090909091 0.599543825350277,0.9864190687361419 1.0 1 30,11 
33-24 0.9241901776384535,0.9833333333333333 1.0,1.0 0.599543825350277,0.9864190687361419 1.0 1 30,11 
34-24 0.9241901776384535,0.9833333333333333 1.0,1.0 0.599543825350277,0.9864190687361419 1.0 1 30,11 
0-25 0.9241901776384535,0.9833333333333333 1.0,1.0 0.599543825350277,0.9864190687361419 1.0 1 30,11 
6-25 0.9241901776384535,0.9833333333333333 0.9166666666666666,1.0 0.599543825350277,0.9864190687361419 1.0 1 30,11 
7-25 0.9241901776384535,0.9833333333333333 1.0,1.0 0.599543825350277,0.9864190687361419 1.0 1 30,11 
8-25 0.9241901776384535,0.9833333333333333 1.0,1.0 0.599543825350277,0.9864190687361419 1.0 1 30,11 
14-25 0.9241901776384535,0.9833333333333333 1.0,1.0 0.599543825350277,0.9864190687361419 1.0 1 30,11 
15-25 0.9241901776384535,0.9833333333333333 1.0,1.0 0.599543825350277,0.9864190687361419 1.0 1 30,11 
16-25 0.9241901776384535,0.9833333333333333 1.0,1.0 0.599543825350277,0.9864190687361419 1.0 1 30,11 
17-25 0.9241901776384535,0.9833333333333333 1.0,1.0 0.599543825350277,0.9864190687361419 1.0 1 30,11 
22-25 0.9241901776384535,0.9833333333333333 1.0,1.0 0.599543825350277,0.9864190687361419 1.0 1 30,11 
23-25 0.9241901776384535,0.9833333333333333 1.0,1.0 0.599543825350277,0.9864190687361419 1.0 1 30,11 
24-25 0.9241901776384535,0.9833333333333333 1.0,1.0 0.599543825350277,0.9864190687361419 1.0 1 30,11 
25-25 0.9241901776384535,0.9833333333333333 1.0,1.0 0.599543825350277,0.9864190687361419 1.0 1 30,11 
27-25 0.9241901776384535,0.9833333333333333 1.0,1.0 0.599543825350277,0.9864190687361419 1.0 1 30,11 
28-25 0.9241901776384535,0.9833333333333333 1.0,1.0 0.599543825350277,0.9864190687361419 1.0 1 30,11 
29-25 0.9241901776384535,0.9833333333333333 0.16666666666666666,0.09090909090909091 0.599543825350277,0.9864190687361419 1.0 1 30,11 
30-25 0.9241901776384535,0.9833333333333333 0.16666666666666666,0.18181818181818182 0.599543825350277,0.9864190687361419 1.0 1 30,11 
31-25 0.9241901776384535,0.9833333333333333 0.16666666666666666,0.09090909090909091 0.599543825350277,0.9864190687361419 1.0 1 30,11 
33-25 0.9241901776384535,0.9833333333333333 1.0,1.0 0.599543825350277,0.9864190687361419 1.0 1 30,11 
34-25 0.9241901776384535,0.9833333333333333 1.0,1.0 0.599543825350277,0.9864190687361419 1.0 1 30,11 
0-27 -2 1.0 0.6019248006793414 1.0 -1 41 
6-27 -2 0.9565217391304348 0.6019248006793414 1.0 -1 41 
7-27 -2 1.0 0.6019248006793414 1.0 -1 41 
8-27 -2 1.0 0.6019248006793414 1.0 -1 41 
14-27 -2 1.0 0.6019248006793414 1.0 -1 41 
15-27 -2 1.0 0.6019248006793414 1.0 -1 41 
16-27 -2 1.0 0.6019248006793414 1.0 -1 41 
17-27 -2 1.0 0.6019248006793414 1.0 -1 41 
22-27 -2 1.0 0.6019248006793414 1.0 -1 41 
23-27 -2 1.0 0.6019248006793414 1.0 -1 41 
24-27 -2 1.0 0.6019248006793414 1.0 -1 41 
25-27 -2 1.0 0.6019248006793414 1.0 -1 41 
27-27 -2 1.0 0.6019248006793414 1.0 -1 41 
28-27 -2 1.0 0.6019248006793414 1.0 -1 41 
29-27 -2 0.08695652173913043 0.6019248006793414 1.0 -1 41 
30-27 -2 0.08695652173913043 0.6019248006793414 1.0 -1 41 
31-27 -2 0.08695652173913043 0.6019248006793414 1.0 -1 41 
33-27 -2 1.0 0.6019248006793414 1.0 -1 41 
34-27 -2 1.0 0.6019248006793414 1.0 -1 41 
0-28 -2 1.0 0.6019248006793414 1.0 -1 41 
6-28 -2 0.9565217391304348 0.6019248006793414 1.0 -1 41 
7-28 -2 1.0 0.6019248006793414 1.0 -1 41 
8-28 -2 1.0 0.6019248006793414 1.0 -1 41 
14-28 -2 1.0 0.6019248006793414 1.0 -1 41 
15-28 -2 1.0 0.6019248006793414 1.0 -1 41 
16-28 -2 1.0 0.6019248006793414 1.0 -1 41 
17-28 -2 1.0 0.6019248006793414 1.0 -1 41 
22-28 -2 1.0 0.6019248006793414 1.0 -1 41 
23-28 -2 1.0 0.6019248006793414 1.0 -1 41 
24-28 -2 1.0 0.6019248006793414 1.0 -1 41 
25-28 -2 1.0 0.6019248006793414 1.0 -1 41 
27-28 -2 1.0 0.6019248006793414 1.0 -1 41 
28-28 -2 1.0 0.6019248006793414 1.0 -1 41 
29-28 -2 0.08695652173913043 0.6019248006793414 1.0 -1 41 
30-28 -2 0.08695652173913043 0.6019248006793414 1.0 -1 41 
31-28 -2 0.08695652173913043 0.6019248006793414 1.0 -1 41 
33-28 -2 1.0 0.6019248006793414 1.0 -1 41 
34-28 -2 1.0 0.6019248006793414 1.0 -1 41 
0-29 -1,0.0064102564102563875,0.30000000000000004,-1,-1,-1,0.3524774774774775,0.012820512820512775,0.3421052631578947,-1,-1,0.1711711711711712,-1,-1,-1,-1,-1,0.0064102564102563875,-1,-1,-1,-1,-1,-1,-1,-1 1.0,1.0,-1,1.0,1.0,1.0,-1,1.0,-1,1.0,1.0,-1,1.0,1.0,1.0,1.0,1.0,-1,1.0,1.0,1.0,1.0,1.0,1.0,1.0,1.0 1.0,0.9227340267459139,1.0,1.0,1.0,1.0,1.0,1.0,1.0,1.0,1.0,1.0,1.0,1.0,1.0,1.0,1.0,1.0,1.0,1.0,1.0,1.0,1.0,1.0,1.0,1.0 0.15384615384615385 1 1,2,5,1,1,1,4,2,3,1,1,4,1,1,1,1,1,2,1,1,1,1,1,1,1,1 
6-29 -1,0.0064102564102563875,0.30000000000000004,-1,-1,-1,0.3524774774774775,0.012820512820512775,0.3421052631578947,-1,-1,0.1711711711711712,-1,-1,-1,-1,-1,0.0064102564102563875,-1,-1,-1,-1,-1,-1,-1,-1 1.0,1.0,-1,1.0,1.0,1.0,-1,0.5,-1,1.0,1.0,-1,1.0,1.0,1.0,1.0,1.0,-1,1.0,1.0,1.0,1.0,1.0,1.0,1.0,1.0 1.0,0.9227340267459139,1.0,1.0,1.0,1.0,1.0,1.0,1.0,1.0,1.0,1.0,1.0,1.0,1.0,1.0,1.0,1.0,1.0,1.0,1.0,1.0,1.0,1.0,1.0,1.0 0.15384615384615385 1 1,2,5,1,1,1,4,2,3,1,1,4,1,1,1,1,1,2,1,1,1,1,1,1,1,1 
7-29 -1,0.0064102564102563875,0.30000000000000004,-1,-1,-1,0.3524774774774775,0.012820512820512775,0.3421052631578947,-1,-1,0.1711711711711712,-1,-1,-1,-1,-1,0.0064102564102563875,-1,-1,-1,-1,-1,-1,-1,-1 1.0,1.0,-1,1.0,1.0,1.0,-1,1.0,-1,1.0,1.0,-1,1.0,1.0,1.0,1.0,1.0,-1,1.0,1.0,1.0,1.0,1.0,1.0,1.0,1.0 1.0,0.9227340267459139,1.0,1.0,1.0,1.0,1.0,1.0,1.0,1.0,1.0,1.0,1.0,1.0,1.0,1.0,1.0,1.0,1.0,1.0,1.0,1.0,1.0,1.0,1.0,1.0 0.15384615384615385 1 1,2,5,1,1,1,4,2,3,1,1,4,1,1,1,1,1,2,1,1,1,1,1,1,1,1 
8-29 -1,0.0064102564102563875,0.30000000000000004,-1,-1,-1,0.3524774774774775,0.012820512820512775,0.3421052631578947,-1,-1,0.1711711711711712,-1,-1,-1,-1,-1,0.0064102564102563875,-1,-1,-1,-1,-1,-1,-1,-1 1.0,1.0,-1,1.0,1.0,1.0,-1,1.0,-1,1.0,1.0,-1,1.0,1.0,1.0,1.0,1.0,-1,1.0,1.0,1.0,1.0,1.0,1.0,1.0,1.0 1.0,0.9227340267459139,1.0,1.0,1.0,1.0,1.0,1.0,1.0,1.0,1.0,1.0,1.0,1.0,1.0,1.0,1.0,1.0,1.0,1.0,1.0,1.0,1.0,1.0,1.0,1.0 0.15384615384615385 1 1,2,5,1,1,1,4,2,3,1,1,4,1,1,1,1,1,2,1,1,1,1,1,1,1,1 
14-29 -1,0.0064102564102563875,0.30000000000000004,-1,-1,-1,0.3524774774774775,0.012820512820512775,0.3421052631578947,-1,-1,0.1711711711711712,-1,-1,-1,-1,-1,0.0064102564102563875,-1,-1,-1,-1,-1,-1,-1,-1 1.0,1.0,-1,1.0,1.0,1.0,-1,1.0,-1,1.0,1.0,-1,1.0,1.0,1.0,1.0,1.0,-1,1.0,1.0,1.0,1.0,1.0,1.0,1.0,1.0 1.0,0.9227340267459139,1.0,1.0,1.0,1.0,1.0,1.0,1.0,1.0,1.0,1.0,1.0,1.0,1.0,1.0,1.0,1.0,1.0,1.0,1.0,1.0,1.0,1.0,1.0,1.0 0.15384615384615385 1 1,2,5,1,1,1,4,2,3,1,1,4,1,1,1,1,1,2,1,1,1,1,1,1,1,1 
15-29 -1,0.0064102564102563875,0.30000000000000004,-1,-1,-1,0.3524774774774775,0.012820512820512775,0.3421052631578947,-1,-1,0.1711711711711712,-1,-1,-1,-1,-1,0.0064102564102563875,-1,-1,-1,-1,-1,-1,-1,-1 1.0,1.0,-1,1.0,1.0,1.0,-1,1.0,-1,1.0,1.0,-1,1.0,1.0,1.0,1.0,1.0,-1,1.0,1.0,1.0,1.0,1.0,1.0,1.0,1.0 1.0,0.9227340267459139,1.0,1.0,1.0,1.0,1.0,1.0,1.0,1.0,1.0,1.0,1.0,1.0,1.0,1.0,1.0,1.0,1.0,1.0,1.0,1.0,1.0,1.0,1.0,1.0 0.15384615384615385 1 1,2,5,1,1,1,4,2,3,1,1,4,1,1,1,1,1,2,1,1,1,1,1,1,1,1 
16-29 -1,0.0064102564102563875,0.30000000000000004,-1,-1,-1,0.3524774774774775,0.012820512820512775,0.3421052631578947,-1,-1,0.1711711711711712,-1,-1,-1,-1,-1,0.0064102564102563875,-1,-1,-1,-1,-1,-1,-1,-1 1.0,1.0,-1,1.0,1.0,1.0,-1,1.0,-1,1.0,1.0,-1,1.0,1.0,1.0,1.0,1.0,-1,1.0,1.0,1.0,1.0,1.0,1.0,1.0,1.0 1.0,0.9227340267459139,1.0,1.0,1.0,1.0,1.0,1.0,1.0,1.0,1.0,1.0,1.0,1.0,1.0,1.0,1.0,1.0,1.0,1.0,1.0,1.0,1.0,1.0,1.0,1.0 0.15384615384615385 1 1,2,5,1,1,1,4,2,3,1,1,4,1,1,1,1,1,2,1,1,1,1,1,1,1,1 
17-29 -1,0.0064102564102563875,0.30000000000000004,-1,-1,-1,0.3524774774774775,0.012820512820512775,0.3421052631578947,-1,-1,0.1711711711711712,-1,-1,-1,-1,-1,0.0064102564102563875,-1,-1,-1,-1,-1,-1,-1,-1 1.0,1.0,-1,1.0,1.0,1.0,-1,1.0,-1,1.0,1.0,-1,1.0,1.0,1.0,1.0,1.0,-1,1.0,1.0,1.0,1.0,1.0,1.0,1.0,1.0 1.0,0.9227340267459139,1.0,1.0,1.0,1.0,1.0,1.0,1.0,1.0,1.0,1.0,1.0,1.0,1.0,1.0,1.0,1.0,1.0,1.0,1.0,1.0,1.0,1.0,1.0,1.0 0.15384615384615385 1 1,2,5,1,1,1,4,2,3,1,1,4,1,1,1,1,1,2,1,1,1,1,1,1,1,1 
22-29 -1,0.0064102564102563875,0.30000000000000004,-1,-1,-1,0.3524774774774775,0.012820512820512775,0.3421052631578947,-1,-1,0.1711711711711712,-1,-1,-1,-1,-1,0.0064102564102563875,-1,-1,-1,-1,-1,-1,-1,-1 1.0,1.0,-1,1.0,1.0,1.0,-1,1.0,-1,1.0,1.0,-1,1.0,1.0,1.0,1.0,1.0,-1,1.0,1.0,1.0,1.0,1.0,1.0,1.0,1.0 1.0,0.9227340267459139,1.0,1.0,1.0,1.0,1.0,1.0,1.0,1.0,1.0,1.0,1.0,1.0,1.0,1.0,1.0,1.0,1.0,1.0,1.0,1.0,1.0,1.0,1.0,1.0 0.15384615384615385 1 1,2,5,1,1,1,4,2,3,1,1,4,1,1,1,1,1,2,1,1,1,1,1,1,1,1 
23-29 -1,0.0064102564102563875,0.30000000000000004,-1,-1,-1,0.3524774774774775,0.012820512820512775,0.3421052631578947,-1,-1,0.1711711711711712,-1,-1,-1,-1,-1,0.0064102564102563875,-1,-1,-1,-1,-1,-1,-1,-1 1.0,1.0,-1,1.0,1.0,1.0,-1,1.0,-1,1.0,1.0,-1,1.0,1.0,1.0,1.0,1.0,-1,1.0,1.0,1.0,1.0,1.0,1.0,1.0,1.0 1.0,0.9227340267459139,1.0,1.0,1.0,1.0,1.0,1.0,1.0,1.0,1.0,1.0,1.0,1.0,1.0,1.0,1.0,1.0,1.0,1.0,1.0,1.0,1.0,1.0,1.0,1.0 0.15384615384615385 1 1,2,5,1,1,1,4,2,3,1,1,4,1,1,1,1,1,2,1,1,1,1,1,1,1,1 
24-29 -1,0.0064102564102563875,0.30000000000000004,-1,-1,-1,0.3524774774774775,0.012820512820512775,0.3421052631578947,-1,-1,0.1711711711711712,-1,-1,-1,-1,-1,0.0064102564102563875,-1,-1,-1,-1,-1,-1,-1,-1 1.0,1.0,-1,1.0,1.0,1.0,-1,1.0,-1,1.0,1.0,-1,1.0,1.0,1.0,1.0,1.0,-1,1.0,1.0,1.0,1.0,1.0,1.0,1.0,1.0 1.0,0.9227340267459139,1.0,1.0,1.0,1.0,1.0,1.0,1.0,1.0,1.0,1.0,1.0,1.0,1.0,1.0,1.0,1.0,1.0,1.0,1.0,1.0,1.0,1.0,1.0,1.0 0.15384615384615385 1 1,2,5,1,1,1,4,2,3,1,1,4,1,1,1,1,1,2,1,1,1,1,1,1,1,1 
25-29 -1,0.0064102564102563875,0.30000000000000004,-1,-1,-1,0.3524774774774775,0.012820512820512775,0.3421052631578947,-1,-1,0.1711711711711712,-1,-1,-1,-1,-1,0.0064102564102563875,-1,-1,-1,-1,-1,-1,-1,-1 1.0,1.0,-1,1.0,1.0,1.0,-1,1.0,-1,1.0,1.0,-1,1.0,1.0,1.0,1.0,1.0,-1,1.0,1.0,1.0,1.0,1.0,1.0,1.0,1.0 1.0,0.9227340267459139,1.0,1.0,1.0,1.0,1.0,1.0,1.0,1.0,1.0,1.0,1.0,1.0,1.0,1.0,1.0,1.0,1.0,1.0,1.0,1.0,1.0,1.0,1.0,1.0 0.15384615384615385 1 1,2,5,1,1,1,4,2,3,1,1,4,1,1,1,1,1,2,1,1,1,1,1,1,1,1 
27-29 -1,0.0064102564102563875,0.30000000000000004,-1,-1,-1,0.3524774774774775,0.012820512820512775,0.3421052631578947,-1,-1,0.1711711711711712,-1,-1,-1,-1,-1,0.0064102564102563875,-1,-1,-1,-1,-1,-1,-1,-1 1.0,1.0,-1,1.0,1.0,1.0,-1,1.0,-1,1.0,1.0,-1,1.0,1.0,1.0,1.0,1.0,-1,1.0,1.0,1.0,1.0,1.0,1.0,1.0,1.0 1.0,0.9227340267459139,1.0,1.0,1.0,1.0,1.0,1.0,1.0,1.0,1.0,1.0,1.0,1.0,1.0,1.0,1.0,1.0,1.0,1.0,1.0,1.0,1.0,1.0,1.0,1.0 0.15384615384615385 1 1,2,5,1,1,1,4,2,3,1,1,4,1,1,1,1,1,2,1,1,1,1,1,1,1,1 
28-29 -1,0.0064102564102563875,0.30000000000000004,-1,-1,-1,0.3524774774774775,0.012820512820512775,0.3421052631578947,-1,-1,0.1711711711711712,-1,-1,-1,-1,-1,0.0064102564102563875,-1,-1,-1,-1,-1,-1,-1,-1 1.0,1.0,-1,1.0,1.0,1.0,-1,1.0,-1,1.0,1.0,-1,1.0,1.0,1.0,1.0,1.0,-1,1.0,1.0,1.0,1.0,1.0,1.0,1.0,1.0 1.0,0.9227340267459139,1.0,1.0,1.0,1.0,1.0,1.0,1.0,1.0,1.0,1.0,1.0,1.0,1.0,1.0,1.0,1.0,1.0,1.0,1.0,1.0,1.0,1.0,1.0,1.0 0.15384615384615385 1 1,2,5,1,1,1,4,2,3,1,1,4,1,1,1,1,1,2,1,1,1,1,1,1,1,1 
29-29 -1,0.0064102564102563875,0.30000000000000004,-1,-1,-1,0.3524774774774775,0.012820512820512775,0.3421052631578947,-1,-1,0.1711711711711712,-1,-1,-1,-1,-1,0.0064102564102563875,-1,-1,-1,-1,-1,-1,-1,-1 1.0,1.0,-1,1.0,1.0,1.0,-1,1.0,-1,1.0,1.0,-1,1.0,1.0,1.0,1.0,1.0,-1,1.0,1.0,1.0,1.0,1.0,1.0,1.0,1.0 1.0,0.9227340267459139,1.0,1.0,1.0,1.0,1.0,1.0,1.0,1.0,1.0,1.0,1.0,1.0,1.0,1.0,1.0,1.0,1.0,1.0,1.0,1.0,1.0,1.0,1.0,1.0 0.15384615384615385 1 1,2,5,1,1,1,4,2,3,1,1,4,1,1,1,1,1,2,1,1,1,1,1,1,1,1 
30-29 -1,0.0064102564102563875,0.30000000000000004,-1,-1,-1,0.3524774774774775,0.012820512820512775,0.3421052631578947,-1,-1,0.1711711711711712,-1,-1,-1,-1,-1,0.0064102564102563875,-1,-1,-1,-1,-1,-1,-1,-1 1.0,0.5,-1,1.0,1.0,1.0,-1,1.0,-1,1.0,1.0,-1,1.0,1.0,1.0,1.0,1.0,-1,1.0,1.0,1.0,1.0,1.0,1.0,1.0,1.0 1.0,0.9227340267459139,1.0,1.0,1.0,1.0,1.0,1.0,1.0,1.0,1.0,1.0,1.0,1.0,1.0,1.0,1.0,1.0,1.0,1.0,1.0,1.0,1.0,1.0,1.0,1.0 0.15384615384615385 1 1,2,5,1,1,1,4,2,3,1,1,4,1,1,1,1,1,2,1,1,1,1,1,1,1,1 
31-29 -1,0.0064102564102563875,0.30000000000000004,-1,-1,-1,0.3524774774774775,0.012820512820512775,0.3421052631578947,-1,-1,0.1711711711711712,-1,-1,-1,-1,-1,0.0064102564102563875,-1,-1,-1,-1,-1,-1,-1,-1 1.0,0.5,-1,1.0,1.0,1.0,-1,1.0,-1,1.0,1.0,-1,1.0,1.0,1.0,1.0,1.0,-1,1.0,1.0,1.0,1.0,1.0,1.0,1.0,1.0 1.0,0.9227340267459139,1.0,1.0,1.0,1.0,1.0,1.0,1.0,1.0,1.0,1.0,1.0,1.0,1.0,1.0,1.0,1.0,1.0,1.0,1.0,1.0,1.0,1.0,1.0,1.0 0.15384615384615385 1 1,2,5,1,1,1,4,2,3,1,1,4,1,1,1,1,1,2,1,1,1,1,1,1,1,1 
33-29 -1,0.0064102564102563875,0.30000000000000004,-1,-1,-1,0.3524774774774775,0.012820512820512775,0.3421052631578947,-1,-1,0.1711711711711712,-1,-1,-1,-1,-1,0.0064102564102563875,-1,-1,-1,-1,-1,-1,-1,-1 1.0,1.0,-1,1.0,1.0,1.0,-1,1.0,-1,1.0,1.0,-1,1.0,1.0,1.0,1.0,1.0,-1,1.0,1.0,1.0,1.0,1.0,1.0,1.0,1.0 1.0,0.9227340267459139,1.0,1.0,1.0,1.0,1.0,1.0,1.0,1.0,1.0,1.0,1.0,1.0,1.0,1.0,1.0,1.0,1.0,1.0,1.0,1.0,1.0,1.0,1.0,1.0 0.15384615384615385 1 1,2,5,1,1,1,4,2,3,1,1,4,1,1,1,1,1,2,1,1,1,1,1,1,1,1 
34-29 -1,0.0064102564102563875,0.30000000000000004,-1,-1,-1,0.3524774774774775,0.012820512820512775,0.3421052631578947,-1,-1,0.1711711711711712,-1,-1,-1,-1,-1,0.0064102564102563875,-1,-1,-1,-1,-1,-1,-1,-1 1.0,1.0,-1,1.0,1.0,1.0,-1,1.0,-1,1.0,1.0,-1,1.0,1.0,1.0,1.0,1.0,-1,1.0,1.0,1.0,1.0,1.0,1.0,1.0,1.0 1.0,0.9227340267459139,1.0,1.0,1.0,1.0,1.0,1.0,1.0,1.0,1.0,1.0,1.0,1.0,1.0,1.0,1.0,1.0,1.0,1.0,1.0,1.0,1.0,1.0,1.0,1.0 0.15384615384615385 1 1,2,5,1,1,1,4,2,3,1,1,4,1,1,1,1,1,2,1,1,1,1,1,1,1,1 
0-30 -1,-1,0.30000000000000004,-1,-1,0.0064102564102563875,-1,0.3524774774774775,0.012820512820512775,0.3421052631578947,-1,-1,0.1711711711711712,-1,0.012820512820512775,-1,-1,0.0064102564102563875,-1,-1,-1,-1,-1,-1,-1 1.0,1.0,-1,1.0,1.0,1.0,1.0,-1,1.0,-1,1.0,1.0,-1,1.0,1.0,1.0,1.0,-1,1.0,1.0,1.0,1.0,1.0,1.0,1.0 1.0,1.0,1.0,1.0,1.0,0.9059334298118669,1.0,1.0,1.0,1.0,1.0,1.0,1.0,1.0,1.0,1.0,1.0,1.0,1.0,1.0,1.0,1.0,1.0,1.0,1.0 0.16000000000000003 1 1,1,5,1,1,2,1,4,2,3,1,1,4,1,2,1,1,2,1,1,1,1,1,1,1 
6-30 -1,-1,0.30000000000000004,-1,-1,0.0064102564102563875,-1,0.3524774774774775,0.012820512820512775,0.3421052631578947,-1,-1,0.1711711711711712,-1,0.012820512820512775,-1,-1,0.0064102564102563875,-1,-1,-1,-1,-1,-1,-1 1.0,1.0,-1,1.0,1.0,1.0,1.0,-1,0.5,-1,1.0,1.0,-1,1.0,1.0,1.0,1.0,-1,1.0,1.0,1.0,1.0,1.0,1.0,1.0 1.0,1.0,1.0,1.0,1.0,0.9059334298118669,1.0,1.0,1.0,1.0,1.0,1.0,1.0,1.0,1.0,1.0,1.0,1.0,1.0,1.0,1.0,1.0,1.0,1.0,1.0 0.16000000000000003 1 1,1,5,1,1,2,1,4,2,3,1,1,4,1,2,1,1,2,1,1,1,1,1,1,1 
7-30 -1,-1,0.30000000000000004,-1,-1,0.0064102564102563875,-1,0.3524774774774775,0.012820512820512775,0.3421052631578947,-1,-1,0.1711711711711712,-1,0.012820512820512775,-1,-1,0.0064102564102563875,-1,-1,-1,-1,-1,-1,-1 1.0,1.0,-1,1.0,1.0,1.0,1.0,-1,1.0,-1,1.0,1.0,-1,1.0,1.0,1.0,1.0,-1,1.0,1.0,1.0,1.0,1.0,1.0,1.0 1.0,1.0,1.0,1.0,1.0,0.9059334298118669,1.0,1.0,1.0,1.0,1.0,1.0,1.0,1.0,1.0,1.0,1.0,1.0,1.0,1.0,1.0,1.0,1.0,1.0,1.0 0.16000000000000003 1 1,1,5,1,1,2,1,4,2,3,1,1,4,1,2,1,1,2,1,1,1,1,1,1,1 
8-30 -1,-1,0.30000000000000004,-1,-1,0.0064102564102563875,-1,0.3524774774774775,0.012820512820512775,0.3421052631578947,-1,-1,0.1711711711711712,-1,0.012820512820512775,-1,-1,0.0064102564102563875,-1,-1,-1,-1,-1,-1,-1 1.0,1.0,-1,1.0,1.0,1.0,1.0,-1,1.0,-1,1.0,1.0,-1,1.0,1.0,1.0,1.0,-1,1.0,1.0,1.0,1.0,1.0,1.0,1.0 1.0,1.0,1.0,1.0,1.0,0.9059334298118669,1.0,1.0,1.0,1.0,1.0,1.0,1.0,1.0,1.0,1.0,1.0,1.0,1.0,1.0,1.0,1.0,1.0,1.0,1.0 0.16000000000000003 1 1,1,5,1,1,2,1,4,2,3,1,1,4,1,2,1,1,2,1,1,1,1,1,1,1 
14-30 -1,-1,0.30000000000000004,-1,-1,0.0064102564102563875,-1,0.3524774774774775,0.012820512820512775,0.3421052631578947,-1,-1,0.1711711711711712,-1,0.012820512820512775,-1,-1,0.0064102564102563875,-1,-1,-1,-1,-1,-1,-1 1.0,1.0,-1,1.0,1.0,1.0,1.0,-1,1.0,-1,1.0,1.0,-1,1.0,1.0,1.0,1.0,-1,1.0,1.0,1.0,1.0,1.0,1.0,1.0 1.0,1.0,1.0,1.0,1.0,0.9059334298118669,1.0,1.0,1.0,1.0,1.0,1.0,1.0,1.0,1.0,1.0,1.0,1.0,1.0,1.0,1.0,1.0,1.0,1.0,1.0 0.16000000000000003 1 1,1,5,1,1,2,1,4,2,3,1,1,4,1,2,1,1,2,1,1,1,1,1,1,1 
15-30 -1,-1,0.30000000000000004,-1,-1,0.0064102564102563875,-1,0.3524774774774775,0.012820512820512775,0.3421052631578947,-1,-1,0.1711711711711712,-1,0.012820512820512775,-1,-1,0.0064102564102563875,-1,-1,-1,-1,-1,-1,-1 1.0,1.0,-1,1.0,1.0,1.0,1.0,-1,1.0,-1,1.0,1.0,-1,1.0,1.0,1.0,1.0,-1,1.0,1.0,1.0,1.0,1.0,1.0,1.0 1.0,1.0,1.0,1.0,1.0,0.9059334298118669,1.0,1.0,1.0,1.0,1.0,1.0,1.0,1.0,1.0,1.0,1.0,1.0,1.0,1.0,1.0,1.0,1.0,1.0,1.0 0.16000000000000003 1 1,1,5,1,1,2,1,4,2,3,1,1,4,1,2,1,1,2,1,1,1,1,1,1,1 
16-30 -1,-1,0.30000000000000004,-1,-1,0.0064102564102563875,-1,0.3524774774774775,0.012820512820512775,0.3421052631578947,-1,-1,0.1711711711711712,-1,0.012820512820512775,-1,-1,0.0064102564102563875,-1,-1,-1,-1,-1,-1,-1 1.0,1.0,-1,1.0,1.0,1.0,1.0,-1,1.0,-1,1.0,1.0,-1,1.0,1.0,1.0,1.0,-1,1.0,1.0,1.0,1.0,1.0,1.0,1.0 1.0,1.0,1.0,1.0,1.0,0.9059334298118669,1.0,1.0,1.0,1.0,1.0,1.0,1.0,1.0,1.0,1.0,1.0,1.0,1.0,1.0,1.0,1.0,1.0,1.0,1.0 0.16000000000000003 1 1,1,5,1,1,2,1,4,2,3,1,1,4,1,2,1,1,2,1,1,1,1,1,1,1 
17-30 -1,-1,0.30000000000000004,-1,-1,0.0064102564102563875,-1,0.3524774774774775,0.012820512820512775,0.3421052631578947,-1,-1,0.1711711711711712,-1,0.012820512820512775,-1,-1,0.0064102564102563875,-1,-1,-1,-1,-1,-1,-1 1.0,1.0,-1,1.0,1.0,1.0,1.0,-1,1.0,-1,1.0,1.0,-1,1.0,1.0,1.0,1.0,-1,1.0,1.0,1.0,1.0,1.0,1.0,1.0 1.0,1.0,1.0,1.0,1.0,0.9059334298118669,1.0,1.0,1.0,1.0,1.0,1.0,1.0,1.0,1.0,1.0,1.0,1.0,1.0,1.0,1.0,1.0,1.0,1.0,1.0 0.16000000000000003 1 1,1,5,1,1,2,1,4,2,3,1,1,4,1,2,1,1,2,1,1,1,1,1,1,1 
22-30 -1,-1,0.30000000000000004,-1,-1,0.0064102564102563875,-1,0.3524774774774775,0.012820512820512775,0.3421052631578947,-1,-1,0.1711711711711712,-1,0.012820512820512775,-1,-1,0.0064102564102563875,-1,-1,-1,-1,-1,-1,-1 1.0,1.0,-1,1.0,1.0,1.0,1.0,-1,1.0,-1,1.0,1.0,-1,1.0,1.0,1.0,1.0,-1,1.0,1.0,1.0,1.0,1.0,1.0,1.0 1.0,1.0,1.0,1.0,1.0,0.9059334298118669,1.0,1.0,1.0,1.0,1.0,1.0,1.0,1.0,1.0,1.0,1.0,1.0,1.0,1.0,1.0,1.0,1.0,1.0,1.0 0.16000000000000003 1 1,1,5,1,1,2,1,4,2,3,1,1,4,1,2,1,1,2,1,1,1,1,1,1,1 
23-30 -1,-1,0.30000000000000004,-1,-1,0.0064102564102563875,-1,0.3524774774774775,0.012820512820512775,0.3421052631578947,-1,-1,0.1711711711711712,-1,0.012820512820512775,-1,-1,0.0064102564102563875,-1,-1,-1,-1,-1,-1,-1 1.0,1.0,-1,1.0,1.0,1.0,1.0,-1,1.0,-1,1.0,1.0,-1,1.0,1.0,1.0,1.0,-1,1.0,1.0,1.0,1.0,1.0,1.0,1.0 1.0,1.0,1.0,1.0,1.0,0.9059334298118669,1.0,1.0,1.0,1.0,1.0,1.0,1.0,1.0,1.0,1.0,1.0,1.0,1.0,1.0,1.0,1.0,1.0,1.0,1.0 0.16000000000000003 1 1,1,5,1,1,2,1,4,2,3,1,1,4,1,2,1,1,2,1,1,1,1,1,1,1 
24-30 -1,-1,0.30000000000000004,-1,-1,0.0064102564102563875,-1,0.3524774774774775,0.012820512820512775,0.3421052631578947,-1,-1,0.1711711711711712,-1,0.012820512820512775,-1,-1,0.0064102564102563875,-1,-1,-1,-1,-1,-1,-1 1.0,1.0,-1,1.0,1.0,1.0,1.0,-1,1.0,-1,1.0,1.0,-1,1.0,1.0,1.0,1.0,-1,1.0,1.0,1.0,1.0,1.0,1.0,1.0 1.0,1.0,1.0,1.0,1.0,0.9059334298118669,1.0,1.0,1.0,1.0,1.0,1.0,1.0,1.0,1.0,1.0,1.0,1.0,1.0,1.0,1.0,1.0,1.0,1.0,1.0 0.16000000000000003 1 1,1,5,1,1,2,1,4,2,3,1,1,4,1,2,1,1,2,1,1,1,1,1,1,1 
25-30 -1,-1,0.30000000000000004,-1,-1,0.0064102564102563875,-1,0.3524774774774775,0.012820512820512775,0.3421052631578947,-1,-1,0.1711711711711712,-1,0.012820512820512775,-1,-1,0.0064102564102563875,-1,-1,-1,-1,-1,-1,-1 1.0,1.0,-1,1.0,1.0,1.0,1.0,-1,1.0,-1,1.0,1.0,-1,1.0,1.0,1.0,1.0,-1,1.0,1.0,1.0,1.0,1.0,1.0,1.0 1.0,1.0,1.0,1.0,1.0,0.9059334298118669,1.0,1.0,1.0,1.0,1.0,1.0,1.0,1.0,1.0,1.0,1.0,1.0,1.0,1.0,1.0,1.0,1.0,1.0,1.0 0.16000000000000003 1 1,1,5,1,1,2,1,4,2,3,1,1,4,1,2,1,1,2,1,1,1,1,1,1,1 
27-30 -1,-1,0.30000000000000004,-1,-1,0.0064102564102563875,-1,0.3524774774774775,0.012820512820512775,0.3421052631578947,-1,-1,0.1711711711711712,-1,0.012820512820512775,-1,-1,0.0064102564102563875,-1,-1,-1,-1,-1,-1,-1 1.0,1.0,-1,1.0,1.0,1.0,1.0,-1,1.0,-1,1.0,1.0,-1,1.0,1.0,1.0,1.0,-1,1.0,1.0,1.0,1.0,1.0,1.0,1.0 1.0,1.0,1.0,1.0,1.0,0.9059334298118669,1.0,1.0,1.0,1.0,1.0,1.0,1.0,1.0,1.0,1.0,1.0,1.0,1.0,1.0,1.0,1.0,1.0,1.0,1.0 0.16000000000000003 1 1,1,5,1,1,2,1,4,2,3,1,1,4,1,2,1,1,2,1,1,1,1,1,1,1 
28-30 -1,-1,0.30000000000000004,-1,-1,0.0064102564102563875,-1,0.3524774774774775,0.012820512820512775,0.3421052631578947,-1,-1,0.1711711711711712,-1,0.012820512820512775,-1,-1,0.0064102564102563875,-1,-1,-1,-1,-1,-1,-1 1.0,1.0,-1,1.0,1.0,1.0,1.0,-1,1.0,-1,1.0,1.0,-1,1.0,1.0,1.0,1.0,-1,1.0,1.0,1.0,1.0,1.0,1.0,1.0 1.0,1.0,1.0,1.0,1.0,0.9059334298118669,1.0,1.0,1.0,1.0,1.0,1.0,1.0,1.0,1.0,1.0,1.0,1.0,1.0,1.0,1.0,1.0,1.0,1.0,1.0 0.16000000000000003 1 1,1,5,1,1,2,1,4,2,3,1,1,4,1,2,1,1,2,1,1,1,1,1,1,1 
29-30 -1,-1,0.30000000000000004,-1,-1,0.0064102564102563875,-1,0.3524774774774775,0.012820512820512775,0.3421052631578947,-1,-1,0.1711711711711712,-1,0.012820512820512775,-1,-1,0.0064102564102563875,-1,-1,-1,-1,-1,-1,-1 1.0,1.0,-1,1.0,1.0,0.5,1.0,-1,1.0,-1,1.0,1.0,-1,1.0,0.5,1.0,1.0,-1,1.0,1.0,1.0,1.0,1.0,1.0,1.0 1.0,1.0,1.0,1.0,1.0,0.9059334298118669,1.0,1.0,1.0,1.0,1.0,1.0,1.0,1.0,1.0,1.0,1.0,1.0,1.0,1.0,1.0,1.0,1.0,1.0,1.0 0.16000000000000003 1 1,1,5,1,1,2,1,4,2,3,1,1,4,1,2,1,1,2,1,1,1,1,1,1,1 
30-30 -1,-1,0.30000000000000004,-1,-1,0.0064102564102563875,-1,0.3524774774774775,0.012820512820512775,0.3421052631578947,-1,-1,0.1711711711711712,-1,0.012820512820512775,-1,-1,0.0064102564102563875,-1,-1,-1,-1,-1,-1,-1 1.0,1.0,-1,1.0,1.0,1.0,1.0,-1,1.0,-1,1.0,1.0,-1,1.0,1.0,1.0,1.0,-1,1.0,1.0,1.0,1.0,1.0,1.0,1.0 1.0,1.0,1.0,1.0,1.0,0.9059334298118669,1.0,1.0,1.0,1.0,1.0,1.0,1.0,1.0,1.0,1.0,1.0,1.0,1.0,1.0,1.0,1.0,1.0,1.0,1.0 0.16000000000000003 1 1,1,5,1,1,2,1,4,2,3,1,1,4,1,2,1,1,2,1,1,1,1,1,1,1 
31-30 -1,-1,0.30000000000000004,-1,-1,0.0064102564102563875,-1,0.3524774774774775,0.012820512820512775,0.3421052631578947,-1,-1,0.1711711711711712,-1,0.012820512820512775,-1,-1,0.0064102564102563875,-1,-1,-1,-1,-1,-1,-1 1.0,1.0,-1,1.0,1.0,0.5,1.0,-1,1.0,-1,1.0,1.0,-1,1.0,0.5,1.0,1.0,-1,1.0,1.0,1.0,1.0,1.0,1.0,1.0 1.0,1.0,1.0,1.0,1.0,0.9059334298118669,1.0,1.0,1.0,1.0,1.0,1.0,1.0,1.0,1.0,1.0,1.0,1.0,1.0,1.0,1.0,1.0,1.0,1.0,1.0 0.16000000000000003 1 1,1,5,1,1,2,1,4,2,3,1,1,4,1,2,1,1,2,1,1,1,1,1,1,1 
33-30 -1,-1,0.30000000000000004,-1,-1,0.0064102564102563875,-1,0.3524774774774775,0.012820512820512775,0.3421052631578947,-1,-1,0.1711711711711712,-1,0.012820512820512775,-1,-1,0.0064102564102563875,-1,-1,-1,-1,-1,-1,-1 1.0,1.0,-1,1.0,1.0,1.0,1.0,-1,1.0,-1,1.0,1.0,-1,1.0,1.0,1.0,1.0,-1,1.0,1.0,1.0,1.0,1.0,1.0,1.0 1.0,1.0,1.0,1.0,1.0,0.9059334298118669,1.0,1.0,1.0,1.0,1.0,1.0,1.0,1.0,1.0,1.0,1.0,1.0,1.0,1.0,1.0,1.0,1.0,1.0,1.0 0.16000000000000003 1 1,1,5,1,1,2,1,4,2,3,1,1,4,1,2,1,1,2,1,1,1,1,1,1,1 
34-30 -1,-1,0.30000000000000004,-1,-1,0.0064102564102563875,-1,0.3524774774774775,0.012820512820512775,0.3421052631578947,-1,-1,0.1711711711711712,-1,0.012820512820512775,-1,-1,0.0064102564102563875,-1,-1,-1,-1,-1,-1,-1 1.0,1.0,-1,1.0,1.0,1.0,1.0,-1,1.0,-1,1.0,1.0,-1,1.0,1.0,1.0,1.0,-1,1.0,1.0,1.0,1.0,1.0,1.0,1.0 1.0,1.0,1.0,1.0,1.0,0.9059334298118669,1.0,1.0,1.0,1.0,1.0,1.0,1.0,1.0,1.0,1.0,1.0,1.0,1.0,1.0,1.0,1.0,1.0,1.0,1.0 0.16000000000000003 1 1,1,5,1,1,2,1,4,2,3,1,1,4,1,2,1,1,2,1,1,1,1,1,1,1 
0-31 -1,-1,0.30000000000000004,-1,-1,-1,-1,0.3524774774774775,0.012820512820512775,0.3421052631578947,-1,-1,0.1711711711711712,-1,-1,-1,-1,-1,0.0064102564102563875,-1,-1,-1,-1,-1,-1,-1,-1 1.0,1.0,-1,1.0,1.0,1.0,1.0,-1,1.0,-1,1.0,1.0,-1,1.0,1.0,1.0,1.0,1.0,-1,1.0,1.0,1.0,1.0,1.0,1.0,1.0,1.0 1.0,1.0,1.0,1.0,1.0,1.0,1.0,1.0,1.0,1.0,1.0,1.0,1.0,1.0,1.0,1.0,1.0,1.0,1.0,1.0,1.0,1.0,1.0,1.0,1.0,1.0,1.0 0.14814814814814814 1 1,1,5,1,1,1,1,4,2,3,1,1,4,1,1,1,1,1,2,1,1,1,1,1,1,1,1 
6-31 -1,-1,0.30000000000000004,-1,-1,-1,-1,0.3524774774774775,0.012820512820512775,0.3421052631578947,-1,-1,0.1711711711711712,-1,-1,-1,-1,-1,0.0064102564102563875,-1,-1,-1,-1,-1,-1,-1,-1 1.0,1.0,-1,1.0,1.0,1.0,1.0,-1,0.5,-1,1.0,1.0,-1,1.0,1.0,1.0,1.0,1.0,-1,1.0,1.0,1.0,1.0,1.0,1.0,1.0,1.0 1.0,1.0,1.0,1.0,1.0,1.0,1.0,1.0,1.0,1.0,1.0,1.0,1.0,1.0,1.0,1.0,1.0,1.0,1.0,1.0,1.0,1.0,1.0,1.0,1.0,1.0,1.0 0.14814814814814814 1 1,1,5,1,1,1,1,4,2,3,1,1,4,1,1,1,1,1,2,1,1,1,1,1,1,1,1 
7-31 -1,-1,0.30000000000000004,-1,-1,-1,-1,0.3524774774774775,0.012820512820512775,0.3421052631578947,-1,-1,0.1711711711711712,-1,-1,-1,-1,-1,0.0064102564102563875,-1,-1,-1,-1,-1,-1,-1,-1 1.0,1.0,-1,1.0,1.0,1.0,1.0,-1,1.0,-1,1.0,1.0,-1,1.0,1.0,1.0,1.0,1.0,-1,1.0,1.0,1.0,1.0,1.0,1.0,1.0,1.0 1.0,1.0,1.0,1.0,1.0,1.0,1.0,1.0,1.0,1.0,1.0,1.0,1.0,1.0,1.0,1.0,1.0,1.0,1.0,1.0,1.0,1.0,1.0,1.0,1.0,1.0,1.0 0.14814814814814814 1 1,1,5,1,1,1,1,4,2,3,1,1,4,1,1,1,1,1,2,1,1,1,1,1,1,1,1 
8-31 -1,-1,0.30000000000000004,-1,-1,-1,-1,0.3524774774774775,0.012820512820512775,0.3421052631578947,-1,-1,0.1711711711711712,-1,-1,-1,-1,-1,0.0064102564102563875,-1,-1,-1,-1,-1,-1,-1,-1 1.0,1.0,-1,1.0,1.0,1.0,1.0,-1,1.0,-1,1.0,1.0,-1,1.0,1.0,1.0,1.0,1.0,-1,1.0,1.0,1.0,1.0,1.0,1.0,1.0,1.0 1.0,1.0,1.0,1.0,1.0,1.0,1.0,1.0,1.0,1.0,1.0,1.0,1.0,1.0,1.0,1.0,1.0,1.0,1.0,1.0,1.0,1.0,1.0,1.0,1.0,1.0,1.0 0.14814814814814814 1 1,1,5,1,1,1,1,4,2,3,1,1,4,1,1,1,1,1,2,1,1,1,1,1,1,1,1 
14-31 -1,-1,0.30000000000000004,-1,-1,-1,-1,0.3524774774774775,0.012820512820512775,0.3421052631578947,-1,-1,0.1711711711711712,-1,-1,-1,-1,-1,0.0064102564102563875,-1,-1,-1,-1,-1,-1,-1,-1 1.0,1.0,-1,1.0,1.0,1.0,1.0,-1,1.0,-1,1.0,1.0,-1,1.0,1.0,1.0,1.0,1.0,-1,1.0,1.0,1.0,1.0,1.0,1.0,1.0,1.0 1.0,1.0,1.0,1.0,1.0,1.0,1.0,1.0,1.0,1.0,1.0,1.0,1.0,1.0,1.0,1.0,1.0,1.0,1.0,1.0,1.0,1.0,1.0,1.0,1.0,1.0,1.0 0.14814814814814814 1 1,1,5,1,1,1,1,4,2,3,1,1,4,1,1,1,1,1,2,1,1,1,1,1,1,1,1 
15-31 -1,-1,0.30000000000000004,-1,-1,-1,-1,0.3524774774774775,0.012820512820512775,0.3421052631578947,-1,-1,0.1711711711711712,-1,-1,-1,-1,-1,0.0064102564102563875,-1,-1,-1,-1,-1,-1,-1,-1 1.0,1.0,-1,1.0,1.0,1.0,1.0,-1,1.0,-1,1.0,1.0,-1,1.0,1.0,1.0,1.0,1.0,-1,1.0,1.0,1.0,1.0,1.0,1.0,1.0,1.0 1.0,1.0,1.0,1.0,1.0,1.0,1.0,1.0,1.0,1.0,1.0,1.0,1.0,1.0,1.0,1.0,1.0,1.0,1.0,1.0,1.0,1.0,1.0,1.0,1.0,1.0,1.0 0.14814814814814814 1 1,1,5,1,1,1,1,4,2,3,1,1,4,1,1,1,1,1,2,1,1,1,1,1,1,1,1 
16-31 -1,-1,0.30000000000000004,-1,-1,-1,-1,0.3524774774774775,0.012820512820512775,0.3421052631578947,-1,-1,0.1711711711711712,-1,-1,-1,-1,-1,0.0064102564102563875,-1,-1,-1,-1,-1,-1,-1,-1 1.0,1.0,-1,1.0,1.0,1.0,1.0,-1,1.0,-1,1.0,1.0,-1,1.0,1.0,1.0,1.0,1.0,-1,1.0,1.0,1.0,1.0,1.0,1.0,1.0,1.0 1.0,1.0,1.0,1.0,1.0,1.0,1.0,1.0,1.0,1.0,1.0,1.0,1.0,1.0,1.0,1.0,1.0,1.0,1.0,1.0,1.0,1.0,1.0,1.0,1.0,1.0,1.0 0.14814814814814814 1 1,1,5,1,1,1,1,4,2,3,1,1,4,1,1,1,1,1,2,1,1,1,1,1,1,1,1 
17-31 -1,-1,0.30000000000000004,-1,-1,-1,-1,0.3524774774774775,0.012820512820512775,0.3421052631578947,-1,-1,0.1711711711711712,-1,-1,-1,-1,-1,0.0064102564102563875,-1,-1,-1,-1,-1,-1,-1,-1 1.0,1.0,-1,1.0,1.0,1.0,1.0,-1,1.0,-1,1.0,1.0,-1,1.0,1.0,1.0,1.0,1.0,-1,1.0,1.0,1.0,1.0,1.0,1.0,1.0,1.0 1.0,1.0,1.0,1.0,1.0,1.0,1.0,1.0,1.0,1.0,1.0,1.0,1.0,1.0,1.0,1.0,1.0,1.0,1.0,1.0,1.0,1.0,1.0,1.0,1.0,1.0,1.0 0.14814814814814814 1 1,1,5,1,1,1,1,4,2,3,1,1,4,1,1,1,1,1,2,1,1,1,1,1,1,1,1 
22-31 -1,-1,0.30000000000000004,-1,-1,-1,-1,0.3524774774774775,0.012820512820512775,0.3421052631578947,-1,-1,0.1711711711711712,-1,-1,-1,-1,-1,0.0064102564102563875,-1,-1,-1,-1,-1,-1,-1,-1 1.0,1.0,-1,1.0,1.0,1.0,1.0,-1,1.0,-1,1.0,1.0,-1,1.0,1.0,1.0,1.0,1.0,-1,1.0,1.0,1.0,1.0,1.0,1.0,1.0,1.0 1.0,1.0,1.0,1.0,1.0,1.0,1.0,1.0,1.0,1.0,1.0,1.0,1.0,1.0,1.0,1.0,1.0,1.0,1.0,1.0,1.0,1.0,1.0,1.0,1.0,1.0,1.0 0.14814814814814814 1 1,1,5,1,1,1,1,4,2,3,1,1,4,1,1,1,1,1,2,1,1,1,1,1,1,1,1 
23-31 -1,-1,0.30000000000000004,-1,-1,-1,-1,0.3524774774774775,0.012820512820512775,0.3421052631578947,-1,-1,0.1711711711711712,-1,-1,-1,-1,-1,0.0064102564102563875,-1,-1,-1,-1,-1,-1,-1,-1 1.0,1.0,-1,1.0,1.0,1.0,1.0,-1,1.0,-1,1.0,1.0,-1,1.0,1.0,1.0,1.0,1.0,-1,1.0,1.0,1.0,1.0,1.0,1.0,1.0,1.0 1.0,1.0,1.0,1.0,1.0,1.0,1.0,1.0,1.0,1.0,1.0,1.0,1.0,1.0,1.0,1.0,1.0,1.0,1.0,1.0,1.0,1.0,1.0,1.0,1.0,1.0,1.0 0.14814814814814814 1 1,1,5,1,1,1,1,4,2,3,1,1,4,1,1,1,1,1,2,1,1,1,1,1,1,1,1 
24-31 -1,-1,0.30000000000000004,-1,-1,-1,-1,0.3524774774774775,0.012820512820512775,0.3421052631578947,-1,-1,0.1711711711711712,-1,-1,-1,-1,-1,0.0064102564102563875,-1,-1,-1,-1,-1,-1,-1,-1 1.0,1.0,-1,1.0,1.0,1.0,1.0,-1,1.0,-1,1.0,1.0,-1,1.0,1.0,1.0,1.0,1.0,-1,1.0,1.0,1.0,1.0,1.0,1.0,1.0,1.0 1.0,1.0,1.0,1.0,1.0,1.0,1.0,1.0,1.0,1.0,1.0,1.0,1.0,1.0,1.0,1.0,1.0,1.0,1.0,1.0,1.0,1.0,1.0,1.0,1.0,1.0,1.0 0.14814814814814814 1 1,1,5,1,1,1,1,4,2,3,1,1,4,1,1,1,1,1,2,1,1,1,1,1,1,1,1 
25-31 -1,-1,0.30000000000000004,-1,-1,-1,-1,0.3524774774774775,0.012820512820512775,0.3421052631578947,-1,-1,0.1711711711711712,-1,-1,-1,-1,-1,0.0064102564102563875,-1,-1,-1,-1,-1,-1,-1,-1 1.0,1.0,-1,1.0,1.0,1.0,1.0,-1,1.0,-1,1.0,1.0,-1,1.0,1.0,1.0,1.0,1.0,-1,1.0,1.0,1.0,1.0,1.0,1.0,1.0,1.0 1.0,1.0,1.0,1.0,1.0,1.0,1.0,1.0,1.0,1.0,1.0,1.0,1.0,1.0,1.0,1.0,1.0,1.0,1.0,1.0,1.0,1.0,1.0,1.0,1.0,1.0,1.0 0.14814814814814814 1 1,1,5,1,1,1,1,4,2,3,1,1,4,1,1,1,1,1,2,1,1,1,1,1,1,1,1 
27-31 -1,-1,0.30000000000000004,-1,-1,-1,-1,0.3524774774774775,0.012820512820512775,0.3421052631578947,-1,-1,0.1711711711711712,-1,-1,-1,-1,-1,0.0064102564102563875,-1,-1,-1,-1,-1,-1,-1,-1 1.0,1.0,-1,1.0,1.0,1.0,1.0,-1,1.0,-1,1.0,1.0,-1,1.0,1.0,1.0,1.0,1.0,-1,1.0,1.0,1.0,1.0,1.0,1.0,1.0,1.0 1.0,1.0,1.0,1.0,1.0,1.0,1.0,1.0,1.0,1.0,1.0,1.0,1.0,1.0,1.0,1.0,1.0,1.0,1.0,1.0,1.0,1.0,1.0,1.0,1.0,1.0,1.0 0.14814814814814814 1 1,1,5,1,1,1,1,4,2,3,1,1,4,1,1,1,1,1,2,1,1,1,1,1,1,1,1 
28-31 -1,-1,0.30000000000000004,-1,-1,-1,-1,0.3524774774774775,0.012820512820512775,0.3421052631578947,-1,-1,0.1711711711711712,-1,-1,-1,-1,-1,0.0064102564102563875,-1,-1,-1,-1,-1,-1,-1,-1 1.0,1.0,-1,1.0,1.0,1.0,1.0,-1,1.0,-1,1.0,1.0,-1,1.0,1.0,1.0,1.0,1.0,-1,1.0,1.0,1.0,1.0,1.0,1.0,1.0,1.0 1.0,1.0,1.0,1.0,1.0,1.0,1.0,1.0,1.0,1.0,1.0,1.0,1.0,1.0,1.0,1.0,1.0,1.0,1.0,1.0,1.0,1.0,1.0,1.0,1.0,1.0,1.0 0.14814814814814814 1 1,1,5,1,1,1,1,4,2,3,1,1,4,1,1,1,1,1,2,1,1,1,1,1,1,1,1 
29-31 -1,-1,0.30000000000000004,-1,-1,-1,-1,0.3524774774774775,0.012820512820512775,0.3421052631578947,-1,-1,0.1711711711711712,-1,-1,-1,-1,-1,0.0064102564102563875,-1,-1,-1,-1,-1,-1,-1,-1 1.0,1.0,-1,1.0,1.0,1.0,1.0,-1,1.0,-1,1.0,1.0,-1,1.0,1.0,1.0,1.0,1.0,-1,1.0,1.0,1.0,1.0,1.0,1.0,1.0,1.0 1.0,1.0,1.0,1.0,1.0,1.0,1.0,1.0,1.0,1.0,1.0,1.0,1.0,1.0,1.0,1.0,1.0,1.0,1.0,1.0,1.0,1.0,1.0,1.0,1.0,1.0,1.0 0.14814814814814814 1 1,1,5,1,1,1,1,4,2,3,1,1,4,1,1,1,1,1,2,1,1,1,1,1,1,1,1 
30-31 -1,-1,0.30000000000000004,-1,-1,-1,-1,0.3524774774774775,0.012820512820512775,0.3421052631578947,-1,-1,0.1711711711711712,-1,-1,-1,-1,-1,0.0064102564102563875,-1,-1,-1,-1,-1,-1,-1,-1 1.0,1.0,-1,1.0,1.0,1.0,1.0,-1,1.0,-1,1.0,1.0,-1,1.0,1.0,1.0,1.0,1.0,-1,1.0,1.0,1.0,1.0,1.0,1.0,1.0,1.0 1.0,1.0,1.0,1.0,1.0,1.0,1.0,1.0,1.0,1.0,1.0,1.0,1.0,1.0,1.0,1.0,1.0,1.0,1.0,1.0,1.0,1.0,1.0,1.0,1.0,1.0,1.0 0.14814814814814814 1 1,1,5,1,1,1,1,4,2,3,1,1,4,1,1,1,1,1,2,1,1,1,1,1,1,1,1 
31-31 -1,-1,0.30000000000000004,-1,-1,-1,-1,0.3524774774774775,0.012820512820512775,0.3421052631578947,-1,-1,0.1711711711711712,-1,-1,-1,-1,-1,0.0064102564102563875,-1,-1,-1,-1,-1,-1,-1,-1 1.0,1.0,-1,1.0,1.0,1.0,1.0,-1,1.0,-1,1.0,1.0,-1,1.0,1.0,1.0,1.0,1.0,-1,1.0,1.0,1.0,1.0,1.0,1.0,1.0,1.0 1.0,1.0,1.0,1.0,1.0,1.0,1.0,1.0,1.0,1.0,1.0,1.0,1.0,1.0,1.0,1.0,1.0,1.0,1.0,1.0,1.0,1.0,1.0,1.0,1.0,1.0,1.0 0.14814814814814814 1 1,1,5,1,1,1,1,4,2,3,1,1,4,1,1,1,1,1,2,1,1,1,1,1,1,1,1 
33-31 -1,-1,0.30000000000000004,-1,-1,-1,-1,0.3524774774774775,0.012820512820512775,0.3421052631578947,-1,-1,0.1711711711711712,-1,-1,-1,-1,-1,0.0064102564102563875,-1,-1,-1,-1,-1,-1,-1,-1 1.0,1.0,-1,1.0,1.0,1.0,1.0,-1,1.0,-1,1.0,1.0,-1,1.0,1.0,1.0,1.0,1.0,-1,1.0,1.0,1.0,1.0,1.0,1.0,1.0,1.0 1.0,1.0,1.0,1.0,1.0,1.0,1.0,1.0,1.0,1.0,1.0,1.0,1.0,1.0,1.0,1.0,1.0,1.0,1.0,1.0,1.0,1.0,1.0,1.0,1.0,1.0,1.0 0.14814814814814814 1 1,1,5,1,1,1,1,4,2,3,1,1,4,1,1,1,1,1,2,1,1,1,1,1,1,1,1 
34-31 -1,-1,0.30000000000000004,-1,-1,-1,-1,0.3524774774774775,0.012820512820512775,0.3421052631578947,-1,-1,0.1711711711711712,-1,-1,-1,-1,-1,0.0064102564102563875,-1,-1,-1,-1,-1,-1,-1,-1 1.0,1.0,-1,1.0,1.0,1.0,1.0,-1,1.0,-1,1.0,1.0,-1,1.0,1.0,1.0,1.0,1.0,-1,1.0,1.0,1.0,1.0,1.0,1.0,1.0,1.0 1.0,1.0,1.0,1.0,1.0,1.0,1.0,1.0,1.0,1.0,1.0,1.0,1.0,1.0,1.0,1.0,1.0,1.0,1.0,1.0,1.0,1.0,1.0,1.0,1.0,1.0,1.0 0.14814814814814814 1 1,1,5,1,1,1,1,4,2,3,1,1,4,1,1,1,1,1,2,1,1,1,1,1,1,1,1 
0-33 -2 1.0 0.6019248006793414 1.0 -1 41 
6-33 -2 0.9565217391304348 0.6019248006793414 1.0 -1 41 
7-33 -2 1.0 0.6019248006793414 1.0 -1 41 
8-33 -2 1.0 0.6019248006793414 1.0 -1 41 
14-33 -2 1.0 0.6019248006793414 1.0 -1 41 
15-33 -2 1.0 0.6019248006793414 1.0 -1 41 
16-33 -2 1.0 0.6019248006793414 1.0 -1 41 
17-33 -2 1.0 0.6019248006793414 1.0 -1 41 
22-33 -2 1.0 0.6019248006793414 1.0 -1 41 
23-33 -2 1.0 0.6019248006793414 1.0 -1 41 
24-33 -2 1.0 0.6019248006793414 1.0 -1 41 
25-33 -2 1.0 0.6019248006793414 1.0 -1 41 
27-33 -2 1.0 0.6019248006793414 1.0 -1 41 
28-33 -2 1.0 0.6019248006793414 1.0 -1 41 
29-33 -2 0.08695652173913043 0.6019248006793414 1.0 -1 41 
30-33 -2 0.08695652173913043 0.6019248006793414 1.0 -1 41 
31-33 -2 0.08695652173913043 0.6019248006793414 1.0 -1 41 
33-33 -2 1.0 0.6019248006793414 1.0 -1 41 
34-33 -2 1.0 0.6019248006793414 1.0 -1 41 
0-34 0.7853970741901777,0.5106732348111658 1.0,1.0 0.6270627062706271,0.8690043164071972 1.0 1 12,29 
6-34 0.7853970741901777,0.5106732348111658 0.9166666666666666,1.0 0.6270627062706271,0.8690043164071972 1.0 1 12,29 
7-34 0.7853970741901777,0.5106732348111658 1.0,1.0 0.6270627062706271,0.8690043164071972 1.0 1 12,29 
8-34 0.7853970741901777,0.5106732348111658 1.0,1.0 0.6270627062706271,0.8690043164071972 1.0 1 12,29 
14-34 0.7853970741901777,0.5106732348111658 1.0,1.0 0.6270627062706271,0.8690043164071972 1.0 1 12,29 
15-34 0.7853970741901777,0.5106732348111658 1.0,1.0 0.6270627062706271,0.8690043164071972 1.0 1 12,29 
16-34 0.7853970741901777,0.5106732348111658 1.0,1.0 0.6270627062706271,0.8690043164071972 1.0 1 12,29 
17-34 0.7853970741901777,0.5106732348111658 1.0,1.0 0.6270627062706271,0.8690043164071972 1.0 1 12,29 
22-34 0.7853970741901777,0.5106732348111658 1.0,1.0 0.6270627062706271,0.8690043164071972 1.0 1 12,29 
23-34 0.7853970741901777,0.5106732348111658 1.0,1.0 0.6270627062706271,0.8690043164071972 1.0 1 12,29 
24-34 0.7853970741901777,0.5106732348111658 1.0,1.0 0.6270627062706271,0.8690043164071972 1.0 1 12,29 
25-34 0.7853970741901777,0.5106732348111658 1.0,1.0 0.6270627062706271,0.8690043164071972 1.0 1 12,29 
27-34 0.7853970741901777,0.5106732348111658 1.0,1.0 0.6270627062706271,0.8690043164071972 1.0 1 12,29 
28-34 0.7853970741901777,0.5106732348111658 1.0,1.0 0.6270627062706271,0.8690043164071972 1.0 1 12,29 
29-34 0.7853970741901777,0.5106732348111658 0.16666666666666666,0.09090909090909091 0.6270627062706271,0.8690043164071972 1.0 1 12,29 
30-34 0.7853970741901777,0.5106732348111658 0.16666666666666666,0.18181818181818182 0.6270627062706271,0.8690043164071972 1.0 1 12,29 
31-34 0.7853970741901777,0.5106732348111658 0.16666666666666666,0.09090909090909091 0.6270627062706271,0.8690043164071972 1.0 1 12,29 
33-34 0.7853970741901777,0.5106732348111658 1.0,1.0 0.6270627062706271,0.8690043164071972 1.0 1 12,29 
34-34 0.7853970741901777,0.5106732348111658 1.0,1.0 0.6270627062706271,0.8690043164071972 1.0 1 12,29 
