0-0 -2 1.0 1.0 0.0 -1 2 
0-1 -2 1.0 1.0 0.0 -1 2 
0-2 -2 0.5 1.0 0.0 -1 2 
0-3 -2 1.0 1.0 0.0 -1 2 
0-4 -2 1.0 1.0 0.0 -1 2 
0-6 -2 0.5 1.0 0.0 -1 2 
0-7 -2 1.0 1.0 0.0 -1 2 
0-8 -2 1.0 1.0 0.0 -1 2 
0-9 -2 1.0 1.0 0.0 -1 2 
0-10 -2 1.0 1.0 0.0 -1 2 
0-11 -2 1.0 1.0 0.0 -1 2 
0-12 -2 1.0 1.0 0.0 -1 2 
0-13 -2 1.0 1.0 0.0 -1 2 
0-14 -2 1.0 1.0 0.0 -1 2 
0-15 -2 1.0 1.0 0.0 -1 2 
0-16 -2 1.0 1.0 0.0 -1 2 
0-23 -2 1.0 1.0 0.0 -1 2 
0-24 -2 1.0 1.0 0.0 -1 2 
0-25 -2 1.0 1.0 0.0 -1 2 
0-26 -2 1.0 1.0 0.0 -1 2 
0-27 -2 1.0 1.0 0.0 -1 2 
0-28 -2 1.0 1.0 0.0 -1 2 
0-29 -2 1.0 1.0 0.0 -1 2 
0-30 -2 1.0 1.0 0.0 -1 2 
0-31 -2 1.0 1.0 0.0 -1 2 
0-32 -2 1.0 1.0 0.0 -1 2 
0-33 -2 1.0 1.0 0.0 -1 2 
0-34 -2 1.0 1.0 0.0 -1 2 
0-35 -2 1.0 1.0 0.0 -1 2 
0-36 -2 1.0 1.0 0.0 -1 2 
0-37 -2 1.0 1.0 0.0 -1 2 
0-38 -2 1.0 1.0 0.0 -1 2 
0-39 -2 1.0 1.0 0.0 -1 2 
0-40 -2 1.0 1.0 0.0 -1 2 
0-41 -2 1.0 1.0 0.0 -1 2 
0-42 -2 1.0 1.0 0.0 -1 2 
0-43 -2 1.0 1.0 0.0 -1 2 
0-44 -2 1.0 1.0 0.0 -1 2 
0-45 -2 1.0 1.0 0.0 -1 2 
1-0 -2 1.0 1.0 0.0 -1 2 
1-1 -2 1.0 1.0 0.0 -1 2 
1-2 -2 0.5 1.0 0.0 -1 2 
1-3 -2 1.0 1.0 0.0 -1 2 
1-4 -2 1.0 1.0 0.0 -1 2 
1-6 -2 0.5 1.0 0.0 -1 2 
1-7 -2 1.0 1.0 0.0 -1 2 
1-8 -2 1.0 1.0 0.0 -1 2 
1-9 -2 1.0 1.0 0.0 -1 2 
1-10 -2 1.0 1.0 0.0 -1 2 
1-11 -2 1.0 1.0 0.0 -1 2 
1-12 -2 1.0 1.0 0.0 -1 2 
1-13 -2 1.0 1.0 0.0 -1 2 
1-14 -2 1.0 1.0 0.0 -1 2 
1-15 -2 1.0 1.0 0.0 -1 2 
1-16 -2 1.0 1.0 0.0 -1 2 
1-23 -2 1.0 1.0 0.0 -1 2 
1-24 -2 1.0 1.0 0.0 -1 2 
1-25 -2 1.0 1.0 0.0 -1 2 
1-26 -2 1.0 1.0 0.0 -1 2 
1-27 -2 1.0 1.0 0.0 -1 2 
1-28 -2 1.0 1.0 0.0 -1 2 
1-29 -2 1.0 1.0 0.0 -1 2 
1-30 -2 1.0 1.0 0.0 -1 2 
1-31 -2 1.0 1.0 0.0 -1 2 
1-32 -2 1.0 1.0 0.0 -1 2 
1-33 -2 1.0 1.0 0.0 -1 2 
1-34 -2 1.0 1.0 0.0 -1 2 
1-35 -2 1.0 1.0 0.0 -1 2 
1-36 -2 1.0 1.0 0.0 -1 2 
1-37 -2 1.0 1.0 0.0 -1 2 
1-38 -2 1.0 1.0 0.0 -1 2 
1-39 -2 1.0 1.0 0.0 -1 2 
1-40 -2 1.0 1.0 0.0 -1 2 
1-41 -2 1.0 1.0 0.0 -1 2 
1-42 -2 1.0 1.0 0.0 -1 2 
1-43 -2 1.0 1.0 0.0 -1 2 
1-44 -2 1.0 1.0 0.0 -1 2 
1-45 -2 1.0 1.0 0.0 -1 2 
3-0 -2 1.0 1.0 0.0 -1 2 
3-1 -2 1.0 1.0 0.0 -1 2 
3-2 -2 0.5 1.0 0.0 -1 2 
3-3 -2 1.0 1.0 0.0 -1 2 
3-4 -2 1.0 1.0 0.0 -1 2 
3-6 -2 0.5 1.0 0.0 -1 2 
3-7 -2 1.0 1.0 0.0 -1 2 
3-8 -2 1.0 1.0 0.0 -1 2 
3-9 -2 1.0 1.0 0.0 -1 2 
3-10 -2 1.0 1.0 0.0 -1 2 
3-11 -2 1.0 1.0 0.0 -1 2 
3-12 -2 1.0 1.0 0.0 -1 2 
3-13 -2 1.0 1.0 0.0 -1 2 
3-14 -2 1.0 1.0 0.0 -1 2 
3-15 -2 1.0 1.0 0.0 -1 2 
3-16 -2 1.0 1.0 0.0 -1 2 
3-23 -2 1.0 1.0 0.0 -1 2 
3-24 -2 1.0 1.0 0.0 -1 2 
3-25 -2 1.0 1.0 0.0 -1 2 
3-26 -2 1.0 1.0 0.0 -1 2 
3-27 -2 1.0 1.0 0.0 -1 2 
3-28 -2 1.0 1.0 0.0 -1 2 
3-29 -2 1.0 1.0 0.0 -1 2 
3-30 -2 1.0 1.0 0.0 -1 2 
3-31 -2 1.0 1.0 0.0 -1 2 
3-32 -2 1.0 1.0 0.0 -1 2 
3-33 -2 1.0 1.0 0.0 -1 2 
3-34 -2 1.0 1.0 0.0 -1 2 
3-35 -2 1.0 1.0 0.0 -1 2 
3-36 -2 1.0 1.0 0.0 -1 2 
3-37 -2 1.0 1.0 0.0 -1 2 
3-38 -2 1.0 1.0 0.0 -1 2 
3-39 -2 1.0 1.0 0.0 -1 2 
3-40 -2 1.0 1.0 0.0 -1 2 
3-41 -2 1.0 1.0 0.0 -1 2 
3-42 -2 1.0 1.0 0.0 -1 2 
3-43 -2 1.0 1.0 0.0 -1 2 
3-44 -2 1.0 1.0 0.0 -1 2 
3-45 -2 1.0 1.0 0.0 -1 2 
4-0 -2 1.0 1.0 0.0 -1 2 
4-1 -2 1.0 1.0 0.0 -1 2 
4-2 -2 0.5 1.0 0.0 -1 2 
4-3 -2 1.0 1.0 0.0 -1 2 
4-4 -2 1.0 1.0 0.0 -1 2 
4-6 -2 0.5 1.0 0.0 -1 2 
4-7 -2 1.0 1.0 0.0 -1 2 
4-8 -2 1.0 1.0 0.0 -1 2 
4-9 -2 1.0 1.0 0.0 -1 2 
4-10 -2 1.0 1.0 0.0 -1 2 
4-11 -2 1.0 1.0 0.0 -1 2 
4-12 -2 1.0 1.0 0.0 -1 2 
4-13 -2 1.0 1.0 0.0 -1 2 
4-14 -2 1.0 1.0 0.0 -1 2 
4-15 -2 1.0 1.0 0.0 -1 2 
4-16 -2 1.0 1.0 0.0 -1 2 
4-23 -2 1.0 1.0 0.0 -1 2 
4-24 -2 1.0 1.0 0.0 -1 2 
4-25 -2 1.0 1.0 0.0 -1 2 
4-26 -2 1.0 1.0 0.0 -1 2 
4-27 -2 1.0 1.0 0.0 -1 2 
4-28 -2 1.0 1.0 0.0 -1 2 
4-29 -2 1.0 1.0 0.0 -1 2 
4-30 -2 1.0 1.0 0.0 -1 2 
4-31 -2 1.0 1.0 0.0 -1 2 
4-32 -2 1.0 1.0 0.0 -1 2 
4-33 -2 1.0 1.0 0.0 -1 2 
4-34 -2 1.0 1.0 0.0 -1 2 
4-35 -2 1.0 1.0 0.0 -1 2 
4-36 -2 1.0 1.0 0.0 -1 2 
4-37 -2 1.0 1.0 0.0 -1 2 
4-38 -2 1.0 1.0 0.0 -1 2 
4-39 -2 1.0 1.0 0.0 -1 2 
4-40 -2 1.0 1.0 0.0 -1 2 
4-41 -2 1.0 1.0 0.0 -1 2 
4-42 -2 1.0 1.0 0.0 -1 2 
4-43 -2 1.0 1.0 0.0 -1 2 
4-44 -2 1.0 1.0 0.0 -1 2 
4-45 -2 1.0 1.0 0.0 -1 2 
7-0 -2 1.0 1.0 0.0 -1 2 
7-1 -2 1.0 1.0 0.0 -1 2 
7-2 -2 0.5 1.0 0.0 -1 2 
7-3 -2 1.0 1.0 0.0 -1 2 
7-4 -2 1.0 1.0 0.0 -1 2 
7-6 -2 0.5 1.0 0.0 -1 2 
7-7 -2 1.0 1.0 0.0 -1 2 
7-8 -2 1.0 1.0 0.0 -1 2 
7-9 -2 1.0 1.0 0.0 -1 2 
7-10 -2 1.0 1.0 0.0 -1 2 
7-11 -2 1.0 1.0 0.0 -1 2 
7-12 -2 1.0 1.0 0.0 -1 2 
7-13 -2 1.0 1.0 0.0 -1 2 
7-14 -2 1.0 1.0 0.0 -1 2 
7-15 -2 1.0 1.0 0.0 -1 2 
7-16 -2 1.0 1.0 0.0 -1 2 
7-23 -2 1.0 1.0 0.0 -1 2 
7-24 -2 1.0 1.0 0.0 -1 2 
7-25 -2 1.0 1.0 0.0 -1 2 
7-26 -2 1.0 1.0 0.0 -1 2 
7-27 -2 1.0 1.0 0.0 -1 2 
7-28 -2 1.0 1.0 0.0 -1 2 
7-29 -2 1.0 1.0 0.0 -1 2 
7-30 -2 1.0 1.0 0.0 -1 2 
7-31 -2 1.0 1.0 0.0 -1 2 
7-32 -2 1.0 1.0 0.0 -1 2 
7-33 -2 1.0 1.0 0.0 -1 2 
7-34 -2 1.0 1.0 0.0 -1 2 
7-35 -2 1.0 1.0 0.0 -1 2 
7-36 -2 1.0 1.0 0.0 -1 2 
7-37 -2 1.0 1.0 0.0 -1 2 
7-38 -2 1.0 1.0 0.0 -1 2 
7-39 -2 1.0 1.0 0.0 -1 2 
7-40 -2 1.0 1.0 0.0 -1 2 
7-41 -2 1.0 1.0 0.0 -1 2 
7-42 -2 1.0 1.0 0.0 -1 2 
7-43 -2 1.0 1.0 0.0 -1 2 
7-44 -2 1.0 1.0 0.0 -1 2 
7-45 -2 1.0 1.0 0.0 -1 2 
8-0 -2 1.0 1.0 0.0 -1 2 
8-1 -2 1.0 1.0 0.0 -1 2 
8-2 -2 0.5 1.0 0.0 -1 2 
8-3 -2 1.0 1.0 0.0 -1 2 
8-4 -2 1.0 1.0 0.0 -1 2 
8-6 -2 0.5 1.0 0.0 -1 2 
8-7 -2 1.0 1.0 0.0 -1 2 
8-8 -2 1.0 1.0 0.0 -1 2 
8-9 -2 1.0 1.0 0.0 -1 2 
8-10 -2 1.0 1.0 0.0 -1 2 
8-11 -2 1.0 1.0 0.0 -1 2 
8-12 -2 1.0 1.0 0.0 -1 2 
8-13 -2 1.0 1.0 0.0 -1 2 
8-14 -2 1.0 1.0 0.0 -1 2 
8-15 -2 1.0 1.0 0.0 -1 2 
8-16 -2 1.0 1.0 0.0 -1 2 
8-23 -2 1.0 1.0 0.0 -1 2 
8-24 -2 1.0 1.0 0.0 -1 2 
8-25 -2 1.0 1.0 0.0 -1 2 
8-26 -2 1.0 1.0 0.0 -1 2 
8-27 -2 1.0 1.0 0.0 -1 2 
8-28 -2 1.0 1.0 0.0 -1 2 
8-29 -2 1.0 1.0 0.0 -1 2 
8-30 -2 1.0 1.0 0.0 -1 2 
8-31 -2 1.0 1.0 0.0 -1 2 
8-32 -2 1.0 1.0 0.0 -1 2 
8-33 -2 1.0 1.0 0.0 -1 2 
8-34 -2 1.0 1.0 0.0 -1 2 
8-35 -2 1.0 1.0 0.0 -1 2 
8-36 -2 1.0 1.0 0.0 -1 2 
8-37 -2 1.0 1.0 0.0 -1 2 
8-38 -2 1.0 1.0 0.0 -1 2 
8-39 -2 1.0 1.0 0.0 -1 2 
8-40 -2 1.0 1.0 0.0 -1 2 
8-41 -2 1.0 1.0 0.0 -1 2 
8-42 -2 1.0 1.0 0.0 -1 2 
8-43 -2 1.0 1.0 0.0 -1 2 
8-44 -2 1.0 1.0 0.0 -1 2 
8-45 -2 1.0 1.0 0.0 -1 2 
9-0 -2 1.0 1.0 0.0 -1 2 
9-1 -2 1.0 1.0 0.0 -1 2 
9-2 -2 0.5 1.0 0.0 -1 2 
9-3 -2 1.0 1.0 0.0 -1 2 
9-4 -2 1.0 1.0 0.0 -1 2 
9-6 -2 0.5 1.0 0.0 -1 2 
9-7 -2 1.0 1.0 0.0 -1 2 
9-8 -2 1.0 1.0 0.0 -1 2 
9-9 -2 1.0 1.0 0.0 -1 2 
9-10 -2 1.0 1.0 0.0 -1 2 
9-11 -2 1.0 1.0 0.0 -1 2 
9-12 -2 1.0 1.0 0.0 -1 2 
9-13 -2 1.0 1.0 0.0 -1 2 
9-14 -2 1.0 1.0 0.0 -1 2 
9-15 -2 1.0 1.0 0.0 -1 2 
9-16 -2 1.0 1.0 0.0 -1 2 
9-23 -2 1.0 1.0 0.0 -1 2 
9-24 -2 1.0 1.0 0.0 -1 2 
9-25 -2 1.0 1.0 0.0 -1 2 
9-26 -2 1.0 1.0 0.0 -1 2 
9-27 -2 1.0 1.0 0.0 -1 2 
9-28 -2 1.0 1.0 0.0 -1 2 
9-29 -2 1.0 1.0 0.0 -1 2 
9-30 -2 1.0 1.0 0.0 -1 2 
9-31 -2 1.0 1.0 0.0 -1 2 
9-32 -2 1.0 1.0 0.0 -1 2 
9-33 -2 1.0 1.0 0.0 -1 2 
9-34 -2 1.0 1.0 0.0 -1 2 
9-35 -2 1.0 1.0 0.0 -1 2 
9-36 -2 1.0 1.0 0.0 -1 2 
9-37 -2 1.0 1.0 0.0 -1 2 
9-38 -2 1.0 1.0 0.0 -1 2 
9-39 -2 1.0 1.0 0.0 -1 2 
9-40 -2 1.0 1.0 0.0 -1 2 
9-41 -2 1.0 1.0 0.0 -1 2 
9-42 -2 1.0 1.0 0.0 -1 2 
9-43 -2 1.0 1.0 0.0 -1 2 
9-44 -2 1.0 1.0 0.0 -1 2 
9-45 -2 1.0 1.0 0.0 -1 2 
10-0 -2 1.0 1.0 0.0 -1 2 
10-1 -2 1.0 1.0 0.0 -1 2 
10-2 -2 0.5 1.0 0.0 -1 2 
10-3 -2 1.0 1.0 0.0 -1 2 
10-4 -2 1.0 1.0 0.0 -1 2 
10-6 -2 0.5 1.0 0.0 -1 2 
10-7 -2 1.0 1.0 0.0 -1 2 
10-8 -2 1.0 1.0 0.0 -1 2 
10-9 -2 1.0 1.0 0.0 -1 2 
10-10 -2 1.0 1.0 0.0 -1 2 
10-11 -2 1.0 1.0 0.0 -1 2 
10-12 -2 1.0 1.0 0.0 -1 2 
10-13 -2 1.0 1.0 0.0 -1 2 
10-14 -2 1.0 1.0 0.0 -1 2 
10-15 -2 1.0 1.0 0.0 -1 2 
10-16 -2 1.0 1.0 0.0 -1 2 
10-23 -2 1.0 1.0 0.0 -1 2 
10-24 -2 1.0 1.0 0.0 -1 2 
10-25 -2 1.0 1.0 0.0 -1 2 
10-26 -2 1.0 1.0 0.0 -1 2 
10-27 -2 1.0 1.0 0.0 -1 2 
10-28 -2 1.0 1.0 0.0 -1 2 
10-29 -2 1.0 1.0 0.0 -1 2 
10-30 -2 1.0 1.0 0.0 -1 2 
10-31 -2 1.0 1.0 0.0 -1 2 
10-32 -2 1.0 1.0 0.0 -1 2 
10-33 -2 1.0 1.0 0.0 -1 2 
10-34 -2 1.0 1.0 0.0 -1 2 
10-35 -2 1.0 1.0 0.0 -1 2 
10-36 -2 1.0 1.0 0.0 -1 2 
10-37 -2 1.0 1.0 0.0 -1 2 
10-38 -2 1.0 1.0 0.0 -1 2 
10-39 -2 1.0 1.0 0.0 -1 2 
10-40 -2 1.0 1.0 0.0 -1 2 
10-41 -2 1.0 1.0 0.0 -1 2 
10-42 -2 1.0 1.0 0.0 -1 2 
10-43 -2 1.0 1.0 0.0 -1 2 
10-44 -2 1.0 1.0 0.0 -1 2 
10-45 -2 1.0 1.0 0.0 -1 2 
11-0 -2 1.0 1.0 0.0 -1 2 
11-1 -2 1.0 1.0 0.0 -1 2 
11-2 -2 0.5 1.0 0.0 -1 2 
11-3 -2 1.0 1.0 0.0 -1 2 
11-4 -2 1.0 1.0 0.0 -1 2 
11-6 -2 0.5 1.0 0.0 -1 2 
11-7 -2 1.0 1.0 0.0 -1 2 
11-8 -2 1.0 1.0 0.0 -1 2 
11-9 -2 1.0 1.0 0.0 -1 2 
11-10 -2 1.0 1.0 0.0 -1 2 
11-11 -2 1.0 1.0 0.0 -1 2 
11-12 -2 1.0 1.0 0.0 -1 2 
11-13 -2 1.0 1.0 0.0 -1 2 
11-14 -2 1.0 1.0 0.0 -1 2 
11-15 -2 1.0 1.0 0.0 -1 2 
11-16 -2 1.0 1.0 0.0 -1 2 
11-23 -2 1.0 1.0 0.0 -1 2 
11-24 -2 1.0 1.0 0.0 -1 2 
11-25 -2 1.0 1.0 0.0 -1 2 
11-26 -2 1.0 1.0 0.0 -1 2 
11-27 -2 1.0 1.0 0.0 -1 2 
11-28 -2 1.0 1.0 0.0 -1 2 
11-29 -2 1.0 1.0 0.0 -1 2 
11-30 -2 1.0 1.0 0.0 -1 2 
11-31 -2 1.0 1.0 0.0 -1 2 
11-32 -2 1.0 1.0 0.0 -1 2 
11-33 -2 1.0 1.0 0.0 -1 2 
11-34 -2 1.0 1.0 0.0 -1 2 
11-35 -2 1.0 1.0 0.0 -1 2 
11-36 -2 1.0 1.0 0.0 -1 2 
11-37 -2 1.0 1.0 0.0 -1 2 
11-38 -2 1.0 1.0 0.0 -1 2 
11-39 -2 1.0 1.0 0.0 -1 2 
11-40 -2 1.0 1.0 0.0 -1 2 
11-41 -2 1.0 1.0 0.0 -1 2 
11-42 -2 1.0 1.0 0.0 -1 2 
11-43 -2 1.0 1.0 0.0 -1 2 
11-44 -2 1.0 1.0 0.0 -1 2 
11-45 -2 1.0 1.0 0.0 -1 2 
12-0 -2 1.0 1.0 0.0 -1 2 
12-1 -2 1.0 1.0 0.0 -1 2 
12-2 -2 0.5 1.0 0.0 -1 2 
12-3 -2 1.0 1.0 0.0 -1 2 
12-4 -2 1.0 1.0 0.0 -1 2 
12-6 -2 0.5 1.0 0.0 -1 2 
12-7 -2 1.0 1.0 0.0 -1 2 
12-8 -2 1.0 1.0 0.0 -1 2 
12-9 -2 1.0 1.0 0.0 -1 2 
12-10 -2 1.0 1.0 0.0 -1 2 
12-11 -2 1.0 1.0 0.0 -1 2 
12-12 -2 1.0 1.0 0.0 -1 2 
12-13 -2 1.0 1.0 0.0 -1 2 
12-14 -2 1.0 1.0 0.0 -1 2 
12-15 -2 1.0 1.0 0.0 -1 2 
12-16 -2 1.0 1.0 0.0 -1 2 
12-23 -2 1.0 1.0 0.0 -1 2 
12-24 -2 1.0 1.0 0.0 -1 2 
12-25 -2 1.0 1.0 0.0 -1 2 
12-26 -2 1.0 1.0 0.0 -1 2 
12-27 -2 1.0 1.0 0.0 -1 2 
12-28 -2 1.0 1.0 0.0 -1 2 
12-29 -2 1.0 1.0 0.0 -1 2 
12-30 -2 1.0 1.0 0.0 -1 2 
12-31 -2 1.0 1.0 0.0 -1 2 
12-32 -2 1.0 1.0 0.0 -1 2 
12-33 -2 1.0 1.0 0.0 -1 2 
12-34 -2 1.0 1.0 0.0 -1 2 
12-35 -2 1.0 1.0 0.0 -1 2 
12-36 -2 1.0 1.0 0.0 -1 2 
12-37 -2 1.0 1.0 0.0 -1 2 
12-38 -2 1.0 1.0 0.0 -1 2 
12-39 -2 1.0 1.0 0.0 -1 2 
12-40 -2 1.0 1.0 0.0 -1 2 
12-41 -2 1.0 1.0 0.0 -1 2 
12-42 -2 1.0 1.0 0.0 -1 2 
12-43 -2 1.0 1.0 0.0 -1 2 
12-44 -2 1.0 1.0 0.0 -1 2 
12-45 -2 1.0 1.0 0.0 -1 2 
13-0 -2 1.0 1.0 0.0 -1 2 
13-1 -2 1.0 1.0 0.0 -1 2 
13-2 -2 0.5 1.0 0.0 -1 2 
13-3 -2 1.0 1.0 0.0 -1 2 
13-4 -2 1.0 1.0 0.0 -1 2 
13-6 -2 0.5 1.0 0.0 -1 2 
13-7 -2 1.0 1.0 0.0 -1 2 
13-8 -2 1.0 1.0 0.0 -1 2 
13-9 -2 1.0 1.0 0.0 -1 2 
13-10 -2 1.0 1.0 0.0 -1 2 
13-11 -2 1.0 1.0 0.0 -1 2 
13-12 -2 1.0 1.0 0.0 -1 2 
13-13 -2 1.0 1.0 0.0 -1 2 
13-14 -2 1.0 1.0 0.0 -1 2 
13-15 -2 1.0 1.0 0.0 -1 2 
13-16 -2 1.0 1.0 0.0 -1 2 
13-23 -2 1.0 1.0 0.0 -1 2 
13-24 -2 1.0 1.0 0.0 -1 2 
13-25 -2 1.0 1.0 0.0 -1 2 
13-26 -2 1.0 1.0 0.0 -1 2 
13-27 -2 1.0 1.0 0.0 -1 2 
13-28 -2 1.0 1.0 0.0 -1 2 
13-29 -2 1.0 1.0 0.0 -1 2 
13-30 -2 1.0 1.0 0.0 -1 2 
13-31 -2 1.0 1.0 0.0 -1 2 
13-32 -2 1.0 1.0 0.0 -1 2 
13-33 -2 1.0 1.0 0.0 -1 2 
13-34 -2 1.0 1.0 0.0 -1 2 
13-35 -2 1.0 1.0 0.0 -1 2 
13-36 -2 1.0 1.0 0.0 -1 2 
13-37 -2 1.0 1.0 0.0 -1 2 
13-38 -2 1.0 1.0 0.0 -1 2 
13-39 -2 1.0 1.0 0.0 -1 2 
13-40 -2 1.0 1.0 0.0 -1 2 
13-41 -2 1.0 1.0 0.0 -1 2 
13-42 -2 1.0 1.0 0.0 -1 2 
13-43 -2 1.0 1.0 0.0 -1 2 
13-44 -2 1.0 1.0 0.0 -1 2 
13-45 -2 1.0 1.0 0.0 -1 2 
14-0 -2 1.0 1.0 0.0 -1 2 
14-1 -2 1.0 1.0 0.0 -1 2 
14-2 -2 0.5 1.0 0.0 -1 2 
14-3 -2 1.0 1.0 0.0 -1 2 
14-4 -2 1.0 1.0 0.0 -1 2 
14-6 -2 0.5 1.0 0.0 -1 2 
14-7 -2 1.0 1.0 0.0 -1 2 
14-8 -2 1.0 1.0 0.0 -1 2 
14-9 -2 1.0 1.0 0.0 -1 2 
14-10 -2 1.0 1.0 0.0 -1 2 
14-11 -2 1.0 1.0 0.0 -1 2 
14-12 -2 1.0 1.0 0.0 -1 2 
14-13 -2 1.0 1.0 0.0 -1 2 
14-14 -2 1.0 1.0 0.0 -1 2 
14-15 -2 1.0 1.0 0.0 -1 2 
14-16 -2 1.0 1.0 0.0 -1 2 
14-23 -2 1.0 1.0 0.0 -1 2 
14-24 -2 1.0 1.0 0.0 -1 2 
14-25 -2 1.0 1.0 0.0 -1 2 
14-26 -2 1.0 1.0 0.0 -1 2 
14-27 -2 1.0 1.0 0.0 -1 2 
14-28 -2 1.0 1.0 0.0 -1 2 
14-29 -2 1.0 1.0 0.0 -1 2 
14-30 -2 1.0 1.0 0.0 -1 2 
14-31 -2 1.0 1.0 0.0 -1 2 
14-32 -2 1.0 1.0 0.0 -1 2 
14-33 -2 1.0 1.0 0.0 -1 2 
14-34 -2 1.0 1.0 0.0 -1 2 
14-35 -2 1.0 1.0 0.0 -1 2 
14-36 -2 1.0 1.0 0.0 -1 2 
14-37 -2 1.0 1.0 0.0 -1 2 
14-38 -2 1.0 1.0 0.0 -1 2 
14-39 -2 1.0 1.0 0.0 -1 2 
14-40 -2 1.0 1.0 0.0 -1 2 
14-41 -2 1.0 1.0 0.0 -1 2 
14-42 -2 1.0 1.0 0.0 -1 2 
14-43 -2 1.0 1.0 0.0 -1 2 
14-44 -2 1.0 1.0 0.0 -1 2 
14-45 -2 1.0 1.0 0.0 -1 2 
15-0 -2 1.0 1.0 0.0 -1 2 
15-1 -2 1.0 1.0 0.0 -1 2 
15-2 -2 0.5 1.0 0.0 -1 2 
15-3 -2 1.0 1.0 0.0 -1 2 
15-4 -2 1.0 1.0 0.0 -1 2 
15-6 -2 0.5 1.0 0.0 -1 2 
15-7 -2 1.0 1.0 0.0 -1 2 
15-8 -2 1.0 1.0 0.0 -1 2 
15-9 -2 1.0 1.0 0.0 -1 2 
15-10 -2 1.0 1.0 0.0 -1 2 
15-11 -2 1.0 1.0 0.0 -1 2 
15-12 -2 1.0 1.0 0.0 -1 2 
15-13 -2 1.0 1.0 0.0 -1 2 
15-14 -2 1.0 1.0 0.0 -1 2 
15-15 -2 1.0 1.0 0.0 -1 2 
15-16 -2 1.0 1.0 0.0 -1 2 
15-23 -2 1.0 1.0 0.0 -1 2 
15-24 -2 1.0 1.0 0.0 -1 2 
15-25 -2 1.0 1.0 0.0 -1 2 
15-26 -2 1.0 1.0 0.0 -1 2 
15-27 -2 1.0 1.0 0.0 -1 2 
15-28 -2 1.0 1.0 0.0 -1 2 
15-29 -2 1.0 1.0 0.0 -1 2 
15-30 -2 1.0 1.0 0.0 -1 2 
15-31 -2 1.0 1.0 0.0 -1 2 
15-32 -2 1.0 1.0 0.0 -1 2 
15-33 -2 1.0 1.0 0.0 -1 2 
15-34 -2 1.0 1.0 0.0 -1 2 
15-35 -2 1.0 1.0 0.0 -1 2 
15-36 -2 1.0 1.0 0.0 -1 2 
15-37 -2 1.0 1.0 0.0 -1 2 
15-38 -2 1.0 1.0 0.0 -1 2 
15-39 -2 1.0 1.0 0.0 -1 2 
15-40 -2 1.0 1.0 0.0 -1 2 
15-41 -2 1.0 1.0 0.0 -1 2 
15-42 -2 1.0 1.0 0.0 -1 2 
15-43 -2 1.0 1.0 0.0 -1 2 
15-44 -2 1.0 1.0 0.0 -1 2 
15-45 -2 1.0 1.0 0.0 -1 2 
16-0 -2 1.0 1.0 0.0 -1 2 
16-1 -2 1.0 1.0 0.0 -1 2 
16-2 -2 0.5 1.0 0.0 -1 2 
16-3 -2 1.0 1.0 0.0 -1 2 
16-4 -2 1.0 1.0 0.0 -1 2 
16-6 -2 0.5 1.0 0.0 -1 2 
16-7 -2 1.0 1.0 0.0 -1 2 
16-8 -2 1.0 1.0 0.0 -1 2 
16-9 -2 1.0 1.0 0.0 -1 2 
16-10 -2 1.0 1.0 0.0 -1 2 
16-11 -2 1.0 1.0 0.0 -1 2 
16-12 -2 1.0 1.0 0.0 -1 2 
16-13 -2 1.0 1.0 0.0 -1 2 
16-14 -2 1.0 1.0 0.0 -1 2 
16-15 -2 1.0 1.0 0.0 -1 2 
16-16 -2 1.0 1.0 0.0 -1 2 
16-23 -2 1.0 1.0 0.0 -1 2 
16-24 -2 1.0 1.0 0.0 -1 2 
16-25 -2 1.0 1.0 0.0 -1 2 
16-26 -2 1.0 1.0 0.0 -1 2 
16-27 -2 1.0 1.0 0.0 -1 2 
16-28 -2 1.0 1.0 0.0 -1 2 
16-29 -2 1.0 1.0 0.0 -1 2 
16-30 -2 1.0 1.0 0.0 -1 2 
16-31 -2 1.0 1.0 0.0 -1 2 
16-32 -2 1.0 1.0 0.0 -1 2 
16-33 -2 1.0 1.0 0.0 -1 2 
16-34 -2 1.0 1.0 0.0 -1 2 
16-35 -2 1.0 1.0 0.0 -1 2 
16-36 -2 1.0 1.0 0.0 -1 2 
16-37 -2 1.0 1.0 0.0 -1 2 
16-38 -2 1.0 1.0 0.0 -1 2 
16-39 -2 1.0 1.0 0.0 -1 2 
16-40 -2 1.0 1.0 0.0 -1 2 
16-41 -2 1.0 1.0 0.0 -1 2 
16-42 -2 1.0 1.0 0.0 -1 2 
16-43 -2 1.0 1.0 0.0 -1 2 
16-44 -2 1.0 1.0 0.0 -1 2 
16-45 -2 1.0 1.0 0.0 -1 2 
23-0 -2 1.0 1.0 0.0 -1 2 
23-1 -2 1.0 1.0 0.0 -1 2 
23-2 -2 0.5 1.0 0.0 -1 2 
23-3 -2 1.0 1.0 0.0 -1 2 
23-4 -2 1.0 1.0 0.0 -1 2 
23-6 -2 0.5 1.0 0.0 -1 2 
23-7 -2 1.0 1.0 0.0 -1 2 
23-8 -2 1.0 1.0 0.0 -1 2 
23-9 -2 1.0 1.0 0.0 -1 2 
23-10 -2 1.0 1.0 0.0 -1 2 
23-11 -2 1.0 1.0 0.0 -1 2 
23-12 -2 1.0 1.0 0.0 -1 2 
23-13 -2 1.0 1.0 0.0 -1 2 
23-14 -2 1.0 1.0 0.0 -1 2 
23-15 -2 1.0 1.0 0.0 -1 2 
23-16 -2 1.0 1.0 0.0 -1 2 
23-23 -2 1.0 1.0 0.0 -1 2 
23-24 -2 1.0 1.0 0.0 -1 2 
23-25 -2 1.0 1.0 0.0 -1 2 
23-26 -2 1.0 1.0 0.0 -1 2 
23-27 -2 1.0 1.0 0.0 -1 2 
23-28 -2 1.0 1.0 0.0 -1 2 
23-29 -2 1.0 1.0 0.0 -1 2 
23-30 -2 1.0 1.0 0.0 -1 2 
23-31 -2 1.0 1.0 0.0 -1 2 
23-32 -2 1.0 1.0 0.0 -1 2 
23-33 -2 1.0 1.0 0.0 -1 2 
23-34 -2 1.0 1.0 0.0 -1 2 
23-35 -2 1.0 1.0 0.0 -1 2 
23-36 -2 1.0 1.0 0.0 -1 2 
23-37 -2 1.0 1.0 0.0 -1 2 
23-38 -2 1.0 1.0 0.0 -1 2 
23-39 -2 1.0 1.0 0.0 -1 2 
23-40 -2 1.0 1.0 0.0 -1 2 
23-41 -2 1.0 1.0 0.0 -1 2 
23-42 -2 1.0 1.0 0.0 -1 2 
23-43 -2 1.0 1.0 0.0 -1 2 
23-44 -2 1.0 1.0 0.0 -1 2 
23-45 -2 1.0 1.0 0.0 -1 2 
24-0 -2 1.0 1.0 0.0 -1 2 
24-1 -2 1.0 1.0 0.0 -1 2 
24-2 -2 0.5 1.0 0.0 -1 2 
24-3 -2 1.0 1.0 0.0 -1 2 
24-4 -2 1.0 1.0 0.0 -1 2 
24-6 -2 0.5 1.0 0.0 -1 2 
24-7 -2 1.0 1.0 0.0 -1 2 
24-8 -2 1.0 1.0 0.0 -1 2 
24-9 -2 1.0 1.0 0.0 -1 2 
24-10 -2 1.0 1.0 0.0 -1 2 
24-11 -2 1.0 1.0 0.0 -1 2 
24-12 -2 1.0 1.0 0.0 -1 2 
24-13 -2 1.0 1.0 0.0 -1 2 
24-14 -2 1.0 1.0 0.0 -1 2 
24-15 -2 1.0 1.0 0.0 -1 2 
24-16 -2 1.0 1.0 0.0 -1 2 
24-23 -2 1.0 1.0 0.0 -1 2 
24-24 -2 1.0 1.0 0.0 -1 2 
24-25 -2 1.0 1.0 0.0 -1 2 
24-26 -2 1.0 1.0 0.0 -1 2 
24-27 -2 1.0 1.0 0.0 -1 2 
24-28 -2 1.0 1.0 0.0 -1 2 
24-29 -2 1.0 1.0 0.0 -1 2 
24-30 -2 1.0 1.0 0.0 -1 2 
24-31 -2 1.0 1.0 0.0 -1 2 
24-32 -2 1.0 1.0 0.0 -1 2 
24-33 -2 1.0 1.0 0.0 -1 2 
24-34 -2 1.0 1.0 0.0 -1 2 
24-35 -2 1.0 1.0 0.0 -1 2 
24-36 -2 1.0 1.0 0.0 -1 2 
24-37 -2 1.0 1.0 0.0 -1 2 
24-38 -2 1.0 1.0 0.0 -1 2 
24-39 -2 1.0 1.0 0.0 -1 2 
24-40 -2 1.0 1.0 0.0 -1 2 
24-41 -2 1.0 1.0 0.0 -1 2 
24-42 -2 1.0 1.0 0.0 -1 2 
24-43 -2 1.0 1.0 0.0 -1 2 
24-44 -2 1.0 1.0 0.0 -1 2 
24-45 -2 1.0 1.0 0.0 -1 2 
25-0 -2 1.0 1.0 0.0 -1 2 
25-1 -2 1.0 1.0 0.0 -1 2 
25-2 -2 0.5 1.0 0.0 -1 2 
25-3 -2 1.0 1.0 0.0 -1 2 
25-4 -2 1.0 1.0 0.0 -1 2 
25-6 -2 0.5 1.0 0.0 -1 2 
25-7 -2 1.0 1.0 0.0 -1 2 
25-8 -2 1.0 1.0 0.0 -1 2 
25-9 -2 1.0 1.0 0.0 -1 2 
25-10 -2 1.0 1.0 0.0 -1 2 
25-11 -2 1.0 1.0 0.0 -1 2 
25-12 -2 1.0 1.0 0.0 -1 2 
25-13 -2 1.0 1.0 0.0 -1 2 
25-14 -2 1.0 1.0 0.0 -1 2 
25-15 -2 1.0 1.0 0.0 -1 2 
25-16 -2 1.0 1.0 0.0 -1 2 
25-23 -2 1.0 1.0 0.0 -1 2 
25-24 -2 1.0 1.0 0.0 -1 2 
25-25 -2 1.0 1.0 0.0 -1 2 
25-26 -2 1.0 1.0 0.0 -1 2 
25-27 -2 1.0 1.0 0.0 -1 2 
25-28 -2 1.0 1.0 0.0 -1 2 
25-29 -2 1.0 1.0 0.0 -1 2 
25-30 -2 1.0 1.0 0.0 -1 2 
25-31 -2 1.0 1.0 0.0 -1 2 
25-32 -2 1.0 1.0 0.0 -1 2 
25-33 -2 1.0 1.0 0.0 -1 2 
25-34 -2 1.0 1.0 0.0 -1 2 
25-35 -2 1.0 1.0 0.0 -1 2 
25-36 -2 1.0 1.0 0.0 -1 2 
25-37 -2 1.0 1.0 0.0 -1 2 
25-38 -2 1.0 1.0 0.0 -1 2 
25-39 -2 1.0 1.0 0.0 -1 2 
25-40 -2 1.0 1.0 0.0 -1 2 
25-41 -2 1.0 1.0 0.0 -1 2 
25-42 -2 1.0 1.0 0.0 -1 2 
25-43 -2 1.0 1.0 0.0 -1 2 
25-44 -2 1.0 1.0 0.0 -1 2 
25-45 -2 1.0 1.0 0.0 -1 2 
26-0 -2 1.0 1.0 0.0 -1 2 
26-1 -2 1.0 1.0 0.0 -1 2 
26-2 -2 0.5 1.0 0.0 -1 2 
26-3 -2 1.0 1.0 0.0 -1 2 
26-4 -2 1.0 1.0 0.0 -1 2 
26-6 -2 0.5 1.0 0.0 -1 2 
26-7 -2 1.0 1.0 0.0 -1 2 
26-8 -2 1.0 1.0 0.0 -1 2 
26-9 -2 1.0 1.0 0.0 -1 2 
26-10 -2 1.0 1.0 0.0 -1 2 
26-11 -2 1.0 1.0 0.0 -1 2 
26-12 -2 1.0 1.0 0.0 -1 2 
26-13 -2 1.0 1.0 0.0 -1 2 
26-14 -2 1.0 1.0 0.0 -1 2 
26-15 -2 1.0 1.0 0.0 -1 2 
26-16 -2 1.0 1.0 0.0 -1 2 
26-23 -2 1.0 1.0 0.0 -1 2 
26-24 -2 1.0 1.0 0.0 -1 2 
26-25 -2 1.0 1.0 0.0 -1 2 
26-26 -2 1.0 1.0 0.0 -1 2 
26-27 -2 1.0 1.0 0.0 -1 2 
26-28 -2 1.0 1.0 0.0 -1 2 
26-29 -2 1.0 1.0 0.0 -1 2 
26-30 -2 1.0 1.0 0.0 -1 2 
26-31 -2 1.0 1.0 0.0 -1 2 
26-32 -2 1.0 1.0 0.0 -1 2 
26-33 -2 1.0 1.0 0.0 -1 2 
26-34 -2 1.0 1.0 0.0 -1 2 
26-35 -2 1.0 1.0 0.0 -1 2 
26-36 -2 1.0 1.0 0.0 -1 2 
26-37 -2 1.0 1.0 0.0 -1 2 
26-38 -2 1.0 1.0 0.0 -1 2 
26-39 -2 1.0 1.0 0.0 -1 2 
26-40 -2 1.0 1.0 0.0 -1 2 
26-41 -2 1.0 1.0 0.0 -1 2 
26-42 -2 1.0 1.0 0.0 -1 2 
26-43 -2 1.0 1.0 0.0 -1 2 
26-44 -2 1.0 1.0 0.0 -1 2 
26-45 -2 1.0 1.0 0.0 -1 2 
27-0 -2 1.0 1.0 0.0 -1 2 
27-1 -2 1.0 1.0 0.0 -1 2 
27-2 -2 0.5 1.0 0.0 -1 2 
27-3 -2 1.0 1.0 0.0 -1 2 
27-4 -2 1.0 1.0 0.0 -1 2 
27-6 -2 0.5 1.0 0.0 -1 2 
27-7 -2 1.0 1.0 0.0 -1 2 
27-8 -2 1.0 1.0 0.0 -1 2 
27-9 -2 1.0 1.0 0.0 -1 2 
27-10 -2 1.0 1.0 0.0 -1 2 
27-11 -2 1.0 1.0 0.0 -1 2 
27-12 -2 1.0 1.0 0.0 -1 2 
27-13 -2 1.0 1.0 0.0 -1 2 
27-14 -2 1.0 1.0 0.0 -1 2 
27-15 -2 1.0 1.0 0.0 -1 2 
27-16 -2 1.0 1.0 0.0 -1 2 
27-23 -2 1.0 1.0 0.0 -1 2 
27-24 -2 1.0 1.0 0.0 -1 2 
27-25 -2 1.0 1.0 0.0 -1 2 
27-26 -2 1.0 1.0 0.0 -1 2 
27-27 -2 1.0 1.0 0.0 -1 2 
27-28 -2 1.0 1.0 0.0 -1 2 
27-29 -2 1.0 1.0 0.0 -1 2 
27-30 -2 1.0 1.0 0.0 -1 2 
27-31 -2 1.0 1.0 0.0 -1 2 
27-32 -2 1.0 1.0 0.0 -1 2 
27-33 -2 1.0 1.0 0.0 -1 2 
27-34 -2 1.0 1.0 0.0 -1 2 
27-35 -2 1.0 1.0 0.0 -1 2 
27-36 -2 1.0 1.0 0.0 -1 2 
27-37 -2 1.0 1.0 0.0 -1 2 
27-38 -2 1.0 1.0 0.0 -1 2 
27-39 -2 1.0 1.0 0.0 -1 2 
27-40 -2 1.0 1.0 0.0 -1 2 
27-41 -2 1.0 1.0 0.0 -1 2 
27-42 -2 1.0 1.0 0.0 -1 2 
27-43 -2 1.0 1.0 0.0 -1 2 
27-44 -2 1.0 1.0 0.0 -1 2 
27-45 -2 1.0 1.0 0.0 -1 2 
28-0 -2 1.0 1.0 0.0 -1 2 
28-1 -2 1.0 1.0 0.0 -1 2 
28-2 -2 0.5 1.0 0.0 -1 2 
28-3 -2 1.0 1.0 0.0 -1 2 
28-4 -2 1.0 1.0 0.0 -1 2 
28-6 -2 0.5 1.0 0.0 -1 2 
28-7 -2 1.0 1.0 0.0 -1 2 
28-8 -2 1.0 1.0 0.0 -1 2 
28-9 -2 1.0 1.0 0.0 -1 2 
28-10 -2 1.0 1.0 0.0 -1 2 
28-11 -2 1.0 1.0 0.0 -1 2 
28-12 -2 1.0 1.0 0.0 -1 2 
28-13 -2 1.0 1.0 0.0 -1 2 
28-14 -2 1.0 1.0 0.0 -1 2 
28-15 -2 1.0 1.0 0.0 -1 2 
28-16 -2 1.0 1.0 0.0 -1 2 
28-23 -2 1.0 1.0 0.0 -1 2 
28-24 -2 1.0 1.0 0.0 -1 2 
28-25 -2 1.0 1.0 0.0 -1 2 
28-26 -2 1.0 1.0 0.0 -1 2 
28-27 -2 1.0 1.0 0.0 -1 2 
28-28 -2 1.0 1.0 0.0 -1 2 
28-29 -2 1.0 1.0 0.0 -1 2 
28-30 -2 1.0 1.0 0.0 -1 2 
28-31 -2 1.0 1.0 0.0 -1 2 
28-32 -2 1.0 1.0 0.0 -1 2 
28-33 -2 1.0 1.0 0.0 -1 2 
28-34 -2 1.0 1.0 0.0 -1 2 
28-35 -2 1.0 1.0 0.0 -1 2 
28-36 -2 1.0 1.0 0.0 -1 2 
28-37 -2 1.0 1.0 0.0 -1 2 
28-38 -2 1.0 1.0 0.0 -1 2 
28-39 -2 1.0 1.0 0.0 -1 2 
28-40 -2 1.0 1.0 0.0 -1 2 
28-41 -2 1.0 1.0 0.0 -1 2 
28-42 -2 1.0 1.0 0.0 -1 2 
28-43 -2 1.0 1.0 0.0 -1 2 
28-44 -2 1.0 1.0 0.0 -1 2 
28-45 -2 1.0 1.0 0.0 -1 2 
29-0 -2 1.0 1.0 0.0 -1 2 
29-1 -2 1.0 1.0 0.0 -1 2 
29-2 -2 0.5 1.0 0.0 -1 2 
29-3 -2 1.0 1.0 0.0 -1 2 
29-4 -2 1.0 1.0 0.0 -1 2 
29-6 -2 0.5 1.0 0.0 -1 2 
29-7 -2 1.0 1.0 0.0 -1 2 
29-8 -2 1.0 1.0 0.0 -1 2 
29-9 -2 1.0 1.0 0.0 -1 2 
29-10 -2 1.0 1.0 0.0 -1 2 
29-11 -2 1.0 1.0 0.0 -1 2 
29-12 -2 1.0 1.0 0.0 -1 2 
29-13 -2 1.0 1.0 0.0 -1 2 
29-14 -2 1.0 1.0 0.0 -1 2 
29-15 -2 1.0 1.0 0.0 -1 2 
29-16 -2 1.0 1.0 0.0 -1 2 
29-23 -2 1.0 1.0 0.0 -1 2 
29-24 -2 1.0 1.0 0.0 -1 2 
29-25 -2 1.0 1.0 0.0 -1 2 
29-26 -2 1.0 1.0 0.0 -1 2 
29-27 -2 1.0 1.0 0.0 -1 2 
29-28 -2 1.0 1.0 0.0 -1 2 
29-29 -2 1.0 1.0 0.0 -1 2 
29-30 -2 1.0 1.0 0.0 -1 2 
29-31 -2 1.0 1.0 0.0 -1 2 
29-32 -2 1.0 1.0 0.0 -1 2 
29-33 -2 1.0 1.0 0.0 -1 2 
29-34 -2 1.0 1.0 0.0 -1 2 
29-35 -2 1.0 1.0 0.0 -1 2 
29-36 -2 1.0 1.0 0.0 -1 2 
29-37 -2 1.0 1.0 0.0 -1 2 
29-38 -2 1.0 1.0 0.0 -1 2 
29-39 -2 1.0 1.0 0.0 -1 2 
29-40 -2 1.0 1.0 0.0 -1 2 
29-41 -2 1.0 1.0 0.0 -1 2 
29-42 -2 1.0 1.0 0.0 -1 2 
29-43 -2 1.0 1.0 0.0 -1 2 
29-44 -2 1.0 1.0 0.0 -1 2 
29-45 -2 1.0 1.0 0.0 -1 2 
30-0 -2 1.0 1.0 0.0 -1 2 
30-1 -2 1.0 1.0 0.0 -1 2 
30-2 -2 0.5 1.0 0.0 -1 2 
30-3 -2 1.0 1.0 0.0 -1 2 
30-4 -2 1.0 1.0 0.0 -1 2 
30-6 -2 0.5 1.0 0.0 -1 2 
30-7 -2 1.0 1.0 0.0 -1 2 
30-8 -2 1.0 1.0 0.0 -1 2 
30-9 -2 1.0 1.0 0.0 -1 2 
30-10 -2 1.0 1.0 0.0 -1 2 
30-11 -2 1.0 1.0 0.0 -1 2 
30-12 -2 1.0 1.0 0.0 -1 2 
30-13 -2 1.0 1.0 0.0 -1 2 
30-14 -2 1.0 1.0 0.0 -1 2 
30-15 -2 1.0 1.0 0.0 -1 2 
30-16 -2 1.0 1.0 0.0 -1 2 
30-23 -2 1.0 1.0 0.0 -1 2 
30-24 -2 1.0 1.0 0.0 -1 2 
30-25 -2 1.0 1.0 0.0 -1 2 
30-26 -2 1.0 1.0 0.0 -1 2 
30-27 -2 1.0 1.0 0.0 -1 2 
30-28 -2 1.0 1.0 0.0 -1 2 
30-29 -2 1.0 1.0 0.0 -1 2 
30-30 -2 1.0 1.0 0.0 -1 2 
30-31 -2 1.0 1.0 0.0 -1 2 
30-32 -2 1.0 1.0 0.0 -1 2 
30-33 -2 1.0 1.0 0.0 -1 2 
30-34 -2 1.0 1.0 0.0 -1 2 
30-35 -2 1.0 1.0 0.0 -1 2 
30-36 -2 1.0 1.0 0.0 -1 2 
30-37 -2 1.0 1.0 0.0 -1 2 
30-38 -2 1.0 1.0 0.0 -1 2 
30-39 -2 1.0 1.0 0.0 -1 2 
30-40 -2 1.0 1.0 0.0 -1 2 
30-41 -2 1.0 1.0 0.0 -1 2 
30-42 -2 1.0 1.0 0.0 -1 2 
30-43 -2 1.0 1.0 0.0 -1 2 
30-44 -2 1.0 1.0 0.0 -1 2 
30-45 -2 1.0 1.0 0.0 -1 2 
31-0 -2 1.0 1.0 0.0 -1 2 
31-1 -2 1.0 1.0 0.0 -1 2 
31-2 -2 0.5 1.0 0.0 -1 2 
31-3 -2 1.0 1.0 0.0 -1 2 
31-4 -2 1.0 1.0 0.0 -1 2 
31-6 -2 0.5 1.0 0.0 -1 2 
31-7 -2 1.0 1.0 0.0 -1 2 
31-8 -2 1.0 1.0 0.0 -1 2 
31-9 -2 1.0 1.0 0.0 -1 2 
31-10 -2 1.0 1.0 0.0 -1 2 
31-11 -2 1.0 1.0 0.0 -1 2 
31-12 -2 1.0 1.0 0.0 -1 2 
31-13 -2 1.0 1.0 0.0 -1 2 
31-14 -2 1.0 1.0 0.0 -1 2 
31-15 -2 1.0 1.0 0.0 -1 2 
31-16 -2 1.0 1.0 0.0 -1 2 
31-23 -2 1.0 1.0 0.0 -1 2 
31-24 -2 1.0 1.0 0.0 -1 2 
31-25 -2 1.0 1.0 0.0 -1 2 
31-26 -2 1.0 1.0 0.0 -1 2 
31-27 -2 1.0 1.0 0.0 -1 2 
31-28 -2 1.0 1.0 0.0 -1 2 
31-29 -2 1.0 1.0 0.0 -1 2 
31-30 -2 1.0 1.0 0.0 -1 2 
31-31 -2 1.0 1.0 0.0 -1 2 
31-32 -2 1.0 1.0 0.0 -1 2 
31-33 -2 1.0 1.0 0.0 -1 2 
31-34 -2 1.0 1.0 0.0 -1 2 
31-35 -2 1.0 1.0 0.0 -1 2 
31-36 -2 1.0 1.0 0.0 -1 2 
31-37 -2 1.0 1.0 0.0 -1 2 
31-38 -2 1.0 1.0 0.0 -1 2 
31-39 -2 1.0 1.0 0.0 -1 2 
31-40 -2 1.0 1.0 0.0 -1 2 
31-41 -2 1.0 1.0 0.0 -1 2 
31-42 -2 1.0 1.0 0.0 -1 2 
31-43 -2 1.0 1.0 0.0 -1 2 
31-44 -2 1.0 1.0 0.0 -1 2 
31-45 -2 1.0 1.0 0.0 -1 2 
32-0 -2 1.0 1.0 0.0 -1 2 
32-1 -2 1.0 1.0 0.0 -1 2 
32-2 -2 0.5 1.0 0.0 -1 2 
32-3 -2 1.0 1.0 0.0 -1 2 
32-4 -2 1.0 1.0 0.0 -1 2 
32-6 -2 0.5 1.0 0.0 -1 2 
32-7 -2 1.0 1.0 0.0 -1 2 
32-8 -2 1.0 1.0 0.0 -1 2 
32-9 -2 1.0 1.0 0.0 -1 2 
32-10 -2 1.0 1.0 0.0 -1 2 
32-11 -2 1.0 1.0 0.0 -1 2 
32-12 -2 1.0 1.0 0.0 -1 2 
32-13 -2 1.0 1.0 0.0 -1 2 
32-14 -2 1.0 1.0 0.0 -1 2 
32-15 -2 1.0 1.0 0.0 -1 2 
32-16 -2 1.0 1.0 0.0 -1 2 
32-23 -2 1.0 1.0 0.0 -1 2 
32-24 -2 1.0 1.0 0.0 -1 2 
32-25 -2 1.0 1.0 0.0 -1 2 
32-26 -2 1.0 1.0 0.0 -1 2 
32-27 -2 1.0 1.0 0.0 -1 2 
32-28 -2 1.0 1.0 0.0 -1 2 
32-29 -2 1.0 1.0 0.0 -1 2 
32-30 -2 1.0 1.0 0.0 -1 2 
32-31 -2 1.0 1.0 0.0 -1 2 
32-32 -2 1.0 1.0 0.0 -1 2 
32-33 -2 1.0 1.0 0.0 -1 2 
32-34 -2 1.0 1.0 0.0 -1 2 
32-35 -2 1.0 1.0 0.0 -1 2 
32-36 -2 1.0 1.0 0.0 -1 2 
32-37 -2 1.0 1.0 0.0 -1 2 
32-38 -2 1.0 1.0 0.0 -1 2 
32-39 -2 1.0 1.0 0.0 -1 2 
32-40 -2 1.0 1.0 0.0 -1 2 
32-41 -2 1.0 1.0 0.0 -1 2 
32-42 -2 1.0 1.0 0.0 -1 2 
32-43 -2 1.0 1.0 0.0 -1 2 
32-44 -2 1.0 1.0 0.0 -1 2 
32-45 -2 1.0 1.0 0.0 -1 2 
33-0 -2 1.0 1.0 0.0 -1 2 
33-1 -2 1.0 1.0 0.0 -1 2 
33-2 -2 0.5 1.0 0.0 -1 2 
33-3 -2 1.0 1.0 0.0 -1 2 
33-4 -2 1.0 1.0 0.0 -1 2 
33-6 -2 0.5 1.0 0.0 -1 2 
33-7 -2 1.0 1.0 0.0 -1 2 
33-8 -2 1.0 1.0 0.0 -1 2 
33-9 -2 1.0 1.0 0.0 -1 2 
33-10 -2 1.0 1.0 0.0 -1 2 
33-11 -2 1.0 1.0 0.0 -1 2 
33-12 -2 1.0 1.0 0.0 -1 2 
33-13 -2 1.0 1.0 0.0 -1 2 
33-14 -2 1.0 1.0 0.0 -1 2 
33-15 -2 1.0 1.0 0.0 -1 2 
33-16 -2 1.0 1.0 0.0 -1 2 
33-23 -2 1.0 1.0 0.0 -1 2 
33-24 -2 1.0 1.0 0.0 -1 2 
33-25 -2 1.0 1.0 0.0 -1 2 
33-26 -2 1.0 1.0 0.0 -1 2 
33-27 -2 1.0 1.0 0.0 -1 2 
33-28 -2 1.0 1.0 0.0 -1 2 
33-29 -2 1.0 1.0 0.0 -1 2 
33-30 -2 1.0 1.0 0.0 -1 2 
33-31 -2 1.0 1.0 0.0 -1 2 
33-32 -2 1.0 1.0 0.0 -1 2 
33-33 -2 1.0 1.0 0.0 -1 2 
33-34 -2 1.0 1.0 0.0 -1 2 
33-35 -2 1.0 1.0 0.0 -1 2 
33-36 -2 1.0 1.0 0.0 -1 2 
33-37 -2 1.0 1.0 0.0 -1 2 
33-38 -2 1.0 1.0 0.0 -1 2 
33-39 -2 1.0 1.0 0.0 -1 2 
33-40 -2 1.0 1.0 0.0 -1 2 
33-41 -2 1.0 1.0 0.0 -1 2 
33-42 -2 1.0 1.0 0.0 -1 2 
33-43 -2 1.0 1.0 0.0 -1 2 
33-44 -2 1.0 1.0 0.0 -1 2 
33-45 -2 1.0 1.0 0.0 -1 2 
34-0 -2 1.0 1.0 0.0 -1 2 
34-1 -2 1.0 1.0 0.0 -1 2 
34-2 -2 0.5 1.0 0.0 -1 2 
34-3 -2 1.0 1.0 0.0 -1 2 
34-4 -2 1.0 1.0 0.0 -1 2 
34-6 -2 0.5 1.0 0.0 -1 2 
34-7 -2 1.0 1.0 0.0 -1 2 
34-8 -2 1.0 1.0 0.0 -1 2 
34-9 -2 1.0 1.0 0.0 -1 2 
34-10 -2 1.0 1.0 0.0 -1 2 
34-11 -2 1.0 1.0 0.0 -1 2 
34-12 -2 1.0 1.0 0.0 -1 2 
34-13 -2 1.0 1.0 0.0 -1 2 
34-14 -2 1.0 1.0 0.0 -1 2 
34-15 -2 1.0 1.0 0.0 -1 2 
34-16 -2 1.0 1.0 0.0 -1 2 
34-23 -2 1.0 1.0 0.0 -1 2 
34-24 -2 1.0 1.0 0.0 -1 2 
34-25 -2 1.0 1.0 0.0 -1 2 
34-26 -2 1.0 1.0 0.0 -1 2 
34-27 -2 1.0 1.0 0.0 -1 2 
34-28 -2 1.0 1.0 0.0 -1 2 
34-29 -2 1.0 1.0 0.0 -1 2 
34-30 -2 1.0 1.0 0.0 -1 2 
34-31 -2 1.0 1.0 0.0 -1 2 
34-32 -2 1.0 1.0 0.0 -1 2 
34-33 -2 1.0 1.0 0.0 -1 2 
34-34 -2 1.0 1.0 0.0 -1 2 
34-35 -2 1.0 1.0 0.0 -1 2 
34-36 -2 1.0 1.0 0.0 -1 2 
34-37 -2 1.0 1.0 0.0 -1 2 
34-38 -2 1.0 1.0 0.0 -1 2 
34-39 -2 1.0 1.0 0.0 -1 2 
34-40 -2 1.0 1.0 0.0 -1 2 
34-41 -2 1.0 1.0 0.0 -1 2 
34-42 -2 1.0 1.0 0.0 -1 2 
34-43 -2 1.0 1.0 0.0 -1 2 
34-44 -2 1.0 1.0 0.0 -1 2 
34-45 -2 1.0 1.0 0.0 -1 2 
35-0 -2 1.0 1.0 0.0 -1 2 
35-1 -2 1.0 1.0 0.0 -1 2 
35-2 -2 0.5 1.0 0.0 -1 2 
35-3 -2 1.0 1.0 0.0 -1 2 
35-4 -2 1.0 1.0 0.0 -1 2 
35-6 -2 0.5 1.0 0.0 -1 2 
35-7 -2 1.0 1.0 0.0 -1 2 
35-8 -2 1.0 1.0 0.0 -1 2 
35-9 -2 1.0 1.0 0.0 -1 2 
35-10 -2 1.0 1.0 0.0 -1 2 
35-11 -2 1.0 1.0 0.0 -1 2 
35-12 -2 1.0 1.0 0.0 -1 2 
35-13 -2 1.0 1.0 0.0 -1 2 
35-14 -2 1.0 1.0 0.0 -1 2 
35-15 -2 1.0 1.0 0.0 -1 2 
35-16 -2 1.0 1.0 0.0 -1 2 
35-23 -2 1.0 1.0 0.0 -1 2 
35-24 -2 1.0 1.0 0.0 -1 2 
35-25 -2 1.0 1.0 0.0 -1 2 
35-26 -2 1.0 1.0 0.0 -1 2 
35-27 -2 1.0 1.0 0.0 -1 2 
35-28 -2 1.0 1.0 0.0 -1 2 
35-29 -2 1.0 1.0 0.0 -1 2 
35-30 -2 1.0 1.0 0.0 -1 2 
35-31 -2 1.0 1.0 0.0 -1 2 
35-32 -2 1.0 1.0 0.0 -1 2 
35-33 -2 1.0 1.0 0.0 -1 2 
35-34 -2 1.0 1.0 0.0 -1 2 
35-35 -2 1.0 1.0 0.0 -1 2 
35-36 -2 1.0 1.0 0.0 -1 2 
35-37 -2 1.0 1.0 0.0 -1 2 
35-38 -2 1.0 1.0 0.0 -1 2 
35-39 -2 1.0 1.0 0.0 -1 2 
35-40 -2 1.0 1.0 0.0 -1 2 
35-41 -2 1.0 1.0 0.0 -1 2 
35-42 -2 1.0 1.0 0.0 -1 2 
35-43 -2 1.0 1.0 0.0 -1 2 
35-44 -2 1.0 1.0 0.0 -1 2 
35-45 -2 1.0 1.0 0.0 -1 2 
36-0 -2 1.0 1.0 0.0 -1 2 
36-1 -2 1.0 1.0 0.0 -1 2 
36-2 -2 0.5 1.0 0.0 -1 2 
36-3 -2 1.0 1.0 0.0 -1 2 
36-4 -2 1.0 1.0 0.0 -1 2 
36-6 -2 0.5 1.0 0.0 -1 2 
36-7 -2 1.0 1.0 0.0 -1 2 
36-8 -2 1.0 1.0 0.0 -1 2 
36-9 -2 1.0 1.0 0.0 -1 2 
36-10 -2 1.0 1.0 0.0 -1 2 
36-11 -2 1.0 1.0 0.0 -1 2 
36-12 -2 1.0 1.0 0.0 -1 2 
36-13 -2 1.0 1.0 0.0 -1 2 
36-14 -2 1.0 1.0 0.0 -1 2 
36-15 -2 1.0 1.0 0.0 -1 2 
36-16 -2 1.0 1.0 0.0 -1 2 
36-23 -2 1.0 1.0 0.0 -1 2 
36-24 -2 1.0 1.0 0.0 -1 2 
36-25 -2 1.0 1.0 0.0 -1 2 
36-26 -2 1.0 1.0 0.0 -1 2 
36-27 -2 1.0 1.0 0.0 -1 2 
36-28 -2 1.0 1.0 0.0 -1 2 
36-29 -2 1.0 1.0 0.0 -1 2 
36-30 -2 1.0 1.0 0.0 -1 2 
36-31 -2 1.0 1.0 0.0 -1 2 
36-32 -2 1.0 1.0 0.0 -1 2 
36-33 -2 1.0 1.0 0.0 -1 2 
36-34 -2 1.0 1.0 0.0 -1 2 
36-35 -2 1.0 1.0 0.0 -1 2 
36-36 -2 1.0 1.0 0.0 -1 2 
36-37 -2 1.0 1.0 0.0 -1 2 
36-38 -2 1.0 1.0 0.0 -1 2 
36-39 -2 1.0 1.0 0.0 -1 2 
36-40 -2 1.0 1.0 0.0 -1 2 
36-41 -2 1.0 1.0 0.0 -1 2 
36-42 -2 1.0 1.0 0.0 -1 2 
36-43 -2 1.0 1.0 0.0 -1 2 
36-44 -2 1.0 1.0 0.0 -1 2 
36-45 -2 1.0 1.0 0.0 -1 2 
37-0 -2 1.0 1.0 0.0 -1 2 
37-1 -2 1.0 1.0 0.0 -1 2 
37-2 -2 0.5 1.0 0.0 -1 2 
37-3 -2 1.0 1.0 0.0 -1 2 
37-4 -2 1.0 1.0 0.0 -1 2 
37-6 -2 0.5 1.0 0.0 -1 2 
37-7 -2 1.0 1.0 0.0 -1 2 
37-8 -2 1.0 1.0 0.0 -1 2 
37-9 -2 1.0 1.0 0.0 -1 2 
37-10 -2 1.0 1.0 0.0 -1 2 
37-11 -2 1.0 1.0 0.0 -1 2 
37-12 -2 1.0 1.0 0.0 -1 2 
37-13 -2 1.0 1.0 0.0 -1 2 
37-14 -2 1.0 1.0 0.0 -1 2 
37-15 -2 1.0 1.0 0.0 -1 2 
37-16 -2 1.0 1.0 0.0 -1 2 
37-23 -2 1.0 1.0 0.0 -1 2 
37-24 -2 1.0 1.0 0.0 -1 2 
37-25 -2 1.0 1.0 0.0 -1 2 
37-26 -2 1.0 1.0 0.0 -1 2 
37-27 -2 1.0 1.0 0.0 -1 2 
37-28 -2 1.0 1.0 0.0 -1 2 
37-29 -2 1.0 1.0 0.0 -1 2 
37-30 -2 1.0 1.0 0.0 -1 2 
37-31 -2 1.0 1.0 0.0 -1 2 
37-32 -2 1.0 1.0 0.0 -1 2 
37-33 -2 1.0 1.0 0.0 -1 2 
37-34 -2 1.0 1.0 0.0 -1 2 
37-35 -2 1.0 1.0 0.0 -1 2 
37-36 -2 1.0 1.0 0.0 -1 2 
37-37 -2 1.0 1.0 0.0 -1 2 
37-38 -2 1.0 1.0 0.0 -1 2 
37-39 -2 1.0 1.0 0.0 -1 2 
37-40 -2 1.0 1.0 0.0 -1 2 
37-41 -2 1.0 1.0 0.0 -1 2 
37-42 -2 1.0 1.0 0.0 -1 2 
37-43 -2 1.0 1.0 0.0 -1 2 
37-44 -2 1.0 1.0 0.0 -1 2 
37-45 -2 1.0 1.0 0.0 -1 2 
38-0 -2 1.0 1.0 0.0 -1 2 
38-1 -2 1.0 1.0 0.0 -1 2 
38-2 -2 0.5 1.0 0.0 -1 2 
38-3 -2 1.0 1.0 0.0 -1 2 
38-4 -2 1.0 1.0 0.0 -1 2 
38-6 -2 0.5 1.0 0.0 -1 2 
38-7 -2 1.0 1.0 0.0 -1 2 
38-8 -2 1.0 1.0 0.0 -1 2 
38-9 -2 1.0 1.0 0.0 -1 2 
38-10 -2 1.0 1.0 0.0 -1 2 
38-11 -2 1.0 1.0 0.0 -1 2 
38-12 -2 1.0 1.0 0.0 -1 2 
38-13 -2 1.0 1.0 0.0 -1 2 
38-14 -2 1.0 1.0 0.0 -1 2 
38-15 -2 1.0 1.0 0.0 -1 2 
38-16 -2 1.0 1.0 0.0 -1 2 
38-23 -2 1.0 1.0 0.0 -1 2 
38-24 -2 1.0 1.0 0.0 -1 2 
38-25 -2 1.0 1.0 0.0 -1 2 
38-26 -2 1.0 1.0 0.0 -1 2 
38-27 -2 1.0 1.0 0.0 -1 2 
38-28 -2 1.0 1.0 0.0 -1 2 
38-29 -2 1.0 1.0 0.0 -1 2 
38-30 -2 1.0 1.0 0.0 -1 2 
38-31 -2 1.0 1.0 0.0 -1 2 
38-32 -2 1.0 1.0 0.0 -1 2 
38-33 -2 1.0 1.0 0.0 -1 2 
38-34 -2 1.0 1.0 0.0 -1 2 
38-35 -2 1.0 1.0 0.0 -1 2 
38-36 -2 1.0 1.0 0.0 -1 2 
38-37 -2 1.0 1.0 0.0 -1 2 
38-38 -2 1.0 1.0 0.0 -1 2 
38-39 -2 1.0 1.0 0.0 -1 2 
38-40 -2 1.0 1.0 0.0 -1 2 
38-41 -2 1.0 1.0 0.0 -1 2 
38-42 -2 1.0 1.0 0.0 -1 2 
38-43 -2 1.0 1.0 0.0 -1 2 
38-44 -2 1.0 1.0 0.0 -1 2 
38-45 -2 1.0 1.0 0.0 -1 2 
39-0 -2 1.0 1.0 0.0 -1 2 
39-1 -2 1.0 1.0 0.0 -1 2 
39-2 -2 0.5 1.0 0.0 -1 2 
39-3 -2 1.0 1.0 0.0 -1 2 
39-4 -2 1.0 1.0 0.0 -1 2 
39-6 -2 0.5 1.0 0.0 -1 2 
39-7 -2 1.0 1.0 0.0 -1 2 
39-8 -2 1.0 1.0 0.0 -1 2 
39-9 -2 1.0 1.0 0.0 -1 2 
39-10 -2 1.0 1.0 0.0 -1 2 
39-11 -2 1.0 1.0 0.0 -1 2 
39-12 -2 1.0 1.0 0.0 -1 2 
39-13 -2 1.0 1.0 0.0 -1 2 
39-14 -2 1.0 1.0 0.0 -1 2 
39-15 -2 1.0 1.0 0.0 -1 2 
39-16 -2 1.0 1.0 0.0 -1 2 
39-23 -2 1.0 1.0 0.0 -1 2 
39-24 -2 1.0 1.0 0.0 -1 2 
39-25 -2 1.0 1.0 0.0 -1 2 
39-26 -2 1.0 1.0 0.0 -1 2 
39-27 -2 1.0 1.0 0.0 -1 2 
39-28 -2 1.0 1.0 0.0 -1 2 
39-29 -2 1.0 1.0 0.0 -1 2 
39-30 -2 1.0 1.0 0.0 -1 2 
39-31 -2 1.0 1.0 0.0 -1 2 
39-32 -2 1.0 1.0 0.0 -1 2 
39-33 -2 1.0 1.0 0.0 -1 2 
39-34 -2 1.0 1.0 0.0 -1 2 
39-35 -2 1.0 1.0 0.0 -1 2 
39-36 -2 1.0 1.0 0.0 -1 2 
39-37 -2 1.0 1.0 0.0 -1 2 
39-38 -2 1.0 1.0 0.0 -1 2 
39-39 -2 1.0 1.0 0.0 -1 2 
39-40 -2 1.0 1.0 0.0 -1 2 
39-41 -2 1.0 1.0 0.0 -1 2 
39-42 -2 1.0 1.0 0.0 -1 2 
39-43 -2 1.0 1.0 0.0 -1 2 
39-44 -2 1.0 1.0 0.0 -1 2 
39-45 -2 1.0 1.0 0.0 -1 2 
40-0 -2 1.0 1.0 0.0 -1 2 
40-1 -2 1.0 1.0 0.0 -1 2 
40-2 -2 0.5 1.0 0.0 -1 2 
40-3 -2 1.0 1.0 0.0 -1 2 
40-4 -2 1.0 1.0 0.0 -1 2 
40-6 -2 0.5 1.0 0.0 -1 2 
40-7 -2 1.0 1.0 0.0 -1 2 
40-8 -2 1.0 1.0 0.0 -1 2 
40-9 -2 1.0 1.0 0.0 -1 2 
40-10 -2 1.0 1.0 0.0 -1 2 
40-11 -2 1.0 1.0 0.0 -1 2 
40-12 -2 1.0 1.0 0.0 -1 2 
40-13 -2 1.0 1.0 0.0 -1 2 
40-14 -2 1.0 1.0 0.0 -1 2 
40-15 -2 1.0 1.0 0.0 -1 2 
40-16 -2 1.0 1.0 0.0 -1 2 
40-23 -2 1.0 1.0 0.0 -1 2 
40-24 -2 1.0 1.0 0.0 -1 2 
40-25 -2 1.0 1.0 0.0 -1 2 
40-26 -2 1.0 1.0 0.0 -1 2 
40-27 -2 1.0 1.0 0.0 -1 2 
40-28 -2 1.0 1.0 0.0 -1 2 
40-29 -2 1.0 1.0 0.0 -1 2 
40-30 -2 1.0 1.0 0.0 -1 2 
40-31 -2 1.0 1.0 0.0 -1 2 
40-32 -2 1.0 1.0 0.0 -1 2 
40-33 -2 1.0 1.0 0.0 -1 2 
40-34 -2 1.0 1.0 0.0 -1 2 
40-35 -2 1.0 1.0 0.0 -1 2 
40-36 -2 1.0 1.0 0.0 -1 2 
40-37 -2 1.0 1.0 0.0 -1 2 
40-38 -2 1.0 1.0 0.0 -1 2 
40-39 -2 1.0 1.0 0.0 -1 2 
40-40 -2 1.0 1.0 0.0 -1 2 
40-41 -2 1.0 1.0 0.0 -1 2 
40-42 -2 1.0 1.0 0.0 -1 2 
40-43 -2 1.0 1.0 0.0 -1 2 
40-44 -2 1.0 1.0 0.0 -1 2 
40-45 -2 1.0 1.0 0.0 -1 2 
41-0 -2 1.0 1.0 0.0 -1 2 
41-1 -2 1.0 1.0 0.0 -1 2 
41-2 -2 0.5 1.0 0.0 -1 2 
41-3 -2 1.0 1.0 0.0 -1 2 
41-4 -2 1.0 1.0 0.0 -1 2 
41-6 -2 0.5 1.0 0.0 -1 2 
41-7 -2 1.0 1.0 0.0 -1 2 
41-8 -2 1.0 1.0 0.0 -1 2 
41-9 -2 1.0 1.0 0.0 -1 2 
41-10 -2 1.0 1.0 0.0 -1 2 
41-11 -2 1.0 1.0 0.0 -1 2 
41-12 -2 1.0 1.0 0.0 -1 2 
41-13 -2 1.0 1.0 0.0 -1 2 
41-14 -2 1.0 1.0 0.0 -1 2 
41-15 -2 1.0 1.0 0.0 -1 2 
41-16 -2 1.0 1.0 0.0 -1 2 
41-23 -2 1.0 1.0 0.0 -1 2 
41-24 -2 1.0 1.0 0.0 -1 2 
41-25 -2 1.0 1.0 0.0 -1 2 
41-26 -2 1.0 1.0 0.0 -1 2 
41-27 -2 1.0 1.0 0.0 -1 2 
41-28 -2 1.0 1.0 0.0 -1 2 
41-29 -2 1.0 1.0 0.0 -1 2 
41-30 -2 1.0 1.0 0.0 -1 2 
41-31 -2 1.0 1.0 0.0 -1 2 
41-32 -2 1.0 1.0 0.0 -1 2 
41-33 -2 1.0 1.0 0.0 -1 2 
41-34 -2 1.0 1.0 0.0 -1 2 
41-35 -2 1.0 1.0 0.0 -1 2 
41-36 -2 1.0 1.0 0.0 -1 2 
41-37 -2 1.0 1.0 0.0 -1 2 
41-38 -2 1.0 1.0 0.0 -1 2 
41-39 -2 1.0 1.0 0.0 -1 2 
41-40 -2 1.0 1.0 0.0 -1 2 
41-41 -2 1.0 1.0 0.0 -1 2 
41-42 -2 1.0 1.0 0.0 -1 2 
41-43 -2 1.0 1.0 0.0 -1 2 
41-44 -2 1.0 1.0 0.0 -1 2 
41-45 -2 1.0 1.0 0.0 -1 2 
42-0 -2 1.0 1.0 0.0 -1 2 
42-1 -2 1.0 1.0 0.0 -1 2 
42-2 -2 0.5 1.0 0.0 -1 2 
42-3 -2 1.0 1.0 0.0 -1 2 
42-4 -2 1.0 1.0 0.0 -1 2 
42-6 -2 0.5 1.0 0.0 -1 2 
42-7 -2 1.0 1.0 0.0 -1 2 
42-8 -2 1.0 1.0 0.0 -1 2 
42-9 -2 1.0 1.0 0.0 -1 2 
42-10 -2 1.0 1.0 0.0 -1 2 
42-11 -2 1.0 1.0 0.0 -1 2 
42-12 -2 1.0 1.0 0.0 -1 2 
42-13 -2 1.0 1.0 0.0 -1 2 
42-14 -2 1.0 1.0 0.0 -1 2 
42-15 -2 1.0 1.0 0.0 -1 2 
42-16 -2 1.0 1.0 0.0 -1 2 
42-23 -2 1.0 1.0 0.0 -1 2 
42-24 -2 1.0 1.0 0.0 -1 2 
42-25 -2 1.0 1.0 0.0 -1 2 
42-26 -2 1.0 1.0 0.0 -1 2 
42-27 -2 1.0 1.0 0.0 -1 2 
42-28 -2 1.0 1.0 0.0 -1 2 
42-29 -2 1.0 1.0 0.0 -1 2 
42-30 -2 1.0 1.0 0.0 -1 2 
42-31 -2 1.0 1.0 0.0 -1 2 
42-32 -2 1.0 1.0 0.0 -1 2 
42-33 -2 1.0 1.0 0.0 -1 2 
42-34 -2 1.0 1.0 0.0 -1 2 
42-35 -2 1.0 1.0 0.0 -1 2 
42-36 -2 1.0 1.0 0.0 -1 2 
42-37 -2 1.0 1.0 0.0 -1 2 
42-38 -2 1.0 1.0 0.0 -1 2 
42-39 -2 1.0 1.0 0.0 -1 2 
42-40 -2 1.0 1.0 0.0 -1 2 
42-41 -2 1.0 1.0 0.0 -1 2 
42-42 -2 1.0 1.0 0.0 -1 2 
42-43 -2 1.0 1.0 0.0 -1 2 
42-44 -2 1.0 1.0 0.0 -1 2 
42-45 -2 1.0 1.0 0.0 -1 2 
43-0 -2 1.0 1.0 0.0 -1 2 
43-1 -2 1.0 1.0 0.0 -1 2 
43-2 -2 0.5 1.0 0.0 -1 2 
43-3 -2 1.0 1.0 0.0 -1 2 
43-4 -2 1.0 1.0 0.0 -1 2 
43-6 -2 0.5 1.0 0.0 -1 2 
43-7 -2 1.0 1.0 0.0 -1 2 
43-8 -2 1.0 1.0 0.0 -1 2 
43-9 -2 1.0 1.0 0.0 -1 2 
43-10 -2 1.0 1.0 0.0 -1 2 
43-11 -2 1.0 1.0 0.0 -1 2 
43-12 -2 1.0 1.0 0.0 -1 2 
43-13 -2 1.0 1.0 0.0 -1 2 
43-14 -2 1.0 1.0 0.0 -1 2 
43-15 -2 1.0 1.0 0.0 -1 2 
43-16 -2 1.0 1.0 0.0 -1 2 
43-23 -2 1.0 1.0 0.0 -1 2 
43-24 -2 1.0 1.0 0.0 -1 2 
43-25 -2 1.0 1.0 0.0 -1 2 
43-26 -2 1.0 1.0 0.0 -1 2 
43-27 -2 1.0 1.0 0.0 -1 2 
43-28 -2 1.0 1.0 0.0 -1 2 
43-29 -2 1.0 1.0 0.0 -1 2 
43-30 -2 1.0 1.0 0.0 -1 2 
43-31 -2 1.0 1.0 0.0 -1 2 
43-32 -2 1.0 1.0 0.0 -1 2 
43-33 -2 1.0 1.0 0.0 -1 2 
43-34 -2 1.0 1.0 0.0 -1 2 
43-35 -2 1.0 1.0 0.0 -1 2 
43-36 -2 1.0 1.0 0.0 -1 2 
43-37 -2 1.0 1.0 0.0 -1 2 
43-38 -2 1.0 1.0 0.0 -1 2 
43-39 -2 1.0 1.0 0.0 -1 2 
43-40 -2 1.0 1.0 0.0 -1 2 
43-41 -2 1.0 1.0 0.0 -1 2 
43-42 -2 1.0 1.0 0.0 -1 2 
43-43 -2 1.0 1.0 0.0 -1 2 
43-44 -2 1.0 1.0 0.0 -1 2 
43-45 -2 1.0 1.0 0.0 -1 2 
44-0 -2 1.0 1.0 0.0 -1 2 
44-1 -2 1.0 1.0 0.0 -1 2 
44-2 -2 0.5 1.0 0.0 -1 2 
44-3 -2 1.0 1.0 0.0 -1 2 
44-4 -2 1.0 1.0 0.0 -1 2 
44-6 -2 0.5 1.0 0.0 -1 2 
44-7 -2 1.0 1.0 0.0 -1 2 
44-8 -2 1.0 1.0 0.0 -1 2 
44-9 -2 1.0 1.0 0.0 -1 2 
44-10 -2 1.0 1.0 0.0 -1 2 
44-11 -2 1.0 1.0 0.0 -1 2 
44-12 -2 1.0 1.0 0.0 -1 2 
44-13 -2 1.0 1.0 0.0 -1 2 
44-14 -2 1.0 1.0 0.0 -1 2 
44-15 -2 1.0 1.0 0.0 -1 2 
44-16 -2 1.0 1.0 0.0 -1 2 
44-23 -2 1.0 1.0 0.0 -1 2 
44-24 -2 1.0 1.0 0.0 -1 2 
44-25 -2 1.0 1.0 0.0 -1 2 
44-26 -2 1.0 1.0 0.0 -1 2 
44-27 -2 1.0 1.0 0.0 -1 2 
44-28 -2 1.0 1.0 0.0 -1 2 
44-29 -2 1.0 1.0 0.0 -1 2 
44-30 -2 1.0 1.0 0.0 -1 2 
44-31 -2 1.0 1.0 0.0 -1 2 
44-32 -2 1.0 1.0 0.0 -1 2 
44-33 -2 1.0 1.0 0.0 -1 2 
44-34 -2 1.0 1.0 0.0 -1 2 
44-35 -2 1.0 1.0 0.0 -1 2 
44-36 -2 1.0 1.0 0.0 -1 2 
44-37 -2 1.0 1.0 0.0 -1 2 
44-38 -2 1.0 1.0 0.0 -1 2 
44-39 -2 1.0 1.0 0.0 -1 2 
44-40 -2 1.0 1.0 0.0 -1 2 
44-41 -2 1.0 1.0 0.0 -1 2 
44-42 -2 1.0 1.0 0.0 -1 2 
44-43 -2 1.0 1.0 0.0 -1 2 
44-44 -2 1.0 1.0 0.0 -1 2 
44-45 -2 1.0 1.0 0.0 -1 2 
45-0 -2 1.0 1.0 0.0 -1 2 
45-1 -2 1.0 1.0 0.0 -1 2 
45-2 -2 0.5 1.0 0.0 -1 2 
45-3 -2 1.0 1.0 0.0 -1 2 
45-4 -2 1.0 1.0 0.0 -1 2 
45-6 -2 0.5 1.0 0.0 -1 2 
45-7 -2 1.0 1.0 0.0 -1 2 
45-8 -2 1.0 1.0 0.0 -1 2 
45-9 -2 1.0 1.0 0.0 -1 2 
45-10 -2 1.0 1.0 0.0 -1 2 
45-11 -2 1.0 1.0 0.0 -1 2 
45-12 -2 1.0 1.0 0.0 -1 2 
45-13 -2 1.0 1.0 0.0 -1 2 
45-14 -2 1.0 1.0 0.0 -1 2 
45-15 -2 1.0 1.0 0.0 -1 2 
45-16 -2 1.0 1.0 0.0 -1 2 
45-23 -2 1.0 1.0 0.0 -1 2 
45-24 -2 1.0 1.0 0.0 -1 2 
45-25 -2 1.0 1.0 0.0 -1 2 
45-26 -2 1.0 1.0 0.0 -1 2 
45-27 -2 1.0 1.0 0.0 -1 2 
45-28 -2 1.0 1.0 0.0 -1 2 
45-29 -2 1.0 1.0 0.0 -1 2 
45-30 -2 1.0 1.0 0.0 -1 2 
45-31 -2 1.0 1.0 0.0 -1 2 
45-32 -2 1.0 1.0 0.0 -1 2 
45-33 -2 1.0 1.0 0.0 -1 2 
45-34 -2 1.0 1.0 0.0 -1 2 
45-35 -2 1.0 1.0 0.0 -1 2 
45-36 -2 1.0 1.0 0.0 -1 2 
45-37 -2 1.0 1.0 0.0 -1 2 
45-38 -2 1.0 1.0 0.0 -1 2 
45-39 -2 1.0 1.0 0.0 -1 2 
45-40 -2 1.0 1.0 0.0 -1 2 
45-41 -2 1.0 1.0 0.0 -1 2 
45-42 -2 1.0 1.0 0.0 -1 2 
45-43 -2 1.0 1.0 0.0 -1 2 
45-44 -2 1.0 1.0 0.0 -1 2 
45-45 -2 1.0 1.0 0.0 -1 2 
