1-1 0.41596194503171247,0.6856060606060606 0.9318181818181818,0.8333333333333334 0.9690909090909091,1.0 1.0 1 44,4 
1-2 0.41596194503171247,0.6856060606060606 0.22727272727272727,0.6666666666666666 0.9690909090909091,1.0 1.0 1 44,4 
1-4 0.41596194503171247,0.6856060606060606 1.0,1.0 0.9690909090909091,1.0 1.0 1 44,4 
1-6 0.41596194503171247,0.6856060606060606 0.7954545454545454,0.3333333333333333 0.9690909090909091,1.0 1.0 1 44,4 
1-7 0.41596194503171247,0.6856060606060606 0.8409090909090909,0.6666666666666666 0.9690909090909091,1.0 1.0 1 44,4 
1-9 0.41596194503171247,0.6856060606060606 0.8409090909090909,0.6666666666666666 0.9690909090909091,1.0 1.0 1 44,4 
1-10 0.41596194503171247,0.6856060606060606 0.2727272727272727,0.8333333333333334 0.9690909090909091,1.0 1.0 1 44,4 
1-12 0.41596194503171247,0.6856060606060606 0.8181818181818182,0.5 0.9690909090909091,1.0 1.0 1 44,4 
1-14 0.41596194503171247,0.6856060606060606 0.9090909090909091,0.5 0.9690909090909091,1.0 1.0 1 44,4 
1-16 0.41596194503171247,0.6856060606060606 0.9318181818181818,1.0 0.9690909090909091,1.0 1.0 1 44,4 
1-17 0.41596194503171247,0.6856060606060606 0.9772727272727273,1.0 0.9690909090909091,1.0 1.0 1 44,4 
1-21 0.41596194503171247,0.6856060606060606 0.9090909090909091,0.5 0.9690909090909091,1.0 1.0 1 44,4 
1-22 0.41596194503171247,0.6856060606060606 0.9090909090909091,0.5 0.9690909090909091,1.0 1.0 1 44,4 
1-23 0.41596194503171247,0.6856060606060606 0.9318181818181818,1.0 0.9690909090909091,1.0 1.0 1 44,4 
1-25 0.41596194503171247,0.6856060606060606 0.5227272727272727,0.5 0.9690909090909091,1.0 1.0 1 44,4 
1-27 0.41596194503171247,0.6856060606060606 1.0,1.0 0.9690909090909091,1.0 1.0 1 44,4 
1-29 0.41596194503171247,0.6856060606060606 1.0,1.0 0.9690909090909091,1.0 1.0 1 44,4 
1-31 0.41596194503171247,0.6856060606060606 1.0,1.0 0.9690909090909091,1.0 1.0 1 44,4 
1-49 0.41596194503171247,0.6856060606060606 1.0,1.0 0.9690909090909091,1.0 1.0 1 44,4 
1-51 0.41596194503171247,0.6856060606060606 1.0,1.0 0.9690909090909091,1.0 1.0 1 44,4 
1-53 0.41596194503171247,0.6856060606060606 1.0,1.0 0.9690909090909091,1.0 1.0 1 44,4 
1-58 0.41596194503171247,0.6856060606060606 1.0,1.0 0.9690909090909091,1.0 1.0 1 44,4 
1-59 0.41596194503171247,0.6856060606060606 1.0,1.0 0.9690909090909091,1.0 1.0 1 44,4 
1-60 0.41596194503171247,0.6856060606060606 1.0,1.0 0.9690909090909091,1.0 1.0 1 44,4 
1-61 0.41596194503171247,0.6856060606060606 1.0,1.0 0.9690909090909091,1.0 1.0 1 44,4 
1-62 0.41596194503171247,0.6856060606060606 1.0,1.0 0.9690909090909091,1.0 1.0 1 44,4 
1-63 0.41596194503171247,0.6856060606060606 1.0,1.0 0.9690909090909091,1.0 1.0 1 44,4 
1-64 0.41596194503171247,0.6856060606060606 1.0,1.0 0.9690909090909091,1.0 1.0 1 44,4 
1-66 0.41596194503171247,0.6856060606060606 0.3409090909090909,0.6666666666666666 0.9690909090909091,1.0 1.0 1 44,4 
1-67 0.41596194503171247,0.6856060606060606 1.0,1.0 0.9690909090909091,1.0 1.0 1 44,4 
1-68 0.41596194503171247,0.6856060606060606 0.75,0.8333333333333334 0.9690909090909091,1.0 1.0 1 44,4 
1-69 0.41596194503171247,0.6856060606060606 0.8636363636363636,1.0 0.9690909090909091,1.0 1.0 1 44,4 
2-1 -1,0.005434782608695676,0.7558139534883721,0.010869565217391353,0.3407407407407408,0.627906976744186,0.9796783625730994,-1,-1,0.005434782608695676,0.5962962962962963,-1,-1,0.33333333333333337,-1,0.33333333333333337,-1,0.010869565217391353,-1 1.0,1.0,1.0,1.0,1.0,0.8,1.0,1.0,1.0,1.0,0.6666666666666666,1.0,1.0,1.0,1.0,0.75,1.0,1.0,1.0 1.0,1.0,1.0,1.0,1.0,1.0,1.0,1.0,1.0,1.0,1.0,1.0,1.0,1.0,1.0,1.0,1.0,1.0,1.0 0.368421052631579 1 1,2,5,2,3,5,10,1,1,2,3,1,1,3,1,3,1,2,1 
2-2 -1,0.005434782608695676,0.7558139534883721,0.010869565217391353,0.3407407407407408,0.627906976744186,0.9796783625730994,-1,-1,0.005434782608695676,0.5962962962962963,-1,-1,0.33333333333333337,-1,0.33333333333333337,-1,0.010869565217391353,-1 1.0,1.0,0.4,1.0,0.6666666666666666,0.8,1.0,1.0,1.0,1.0,0.3333333333333333,0.5,1.0,1.0,1.0,0.75,1.0,1.0,1.0 1.0,1.0,1.0,1.0,1.0,1.0,1.0,1.0,1.0,1.0,1.0,1.0,1.0,1.0,1.0,1.0,1.0,1.0,1.0 0.368421052631579 1 1,2,5,2,3,5,10,1,1,2,3,1,1,3,1,3,1,2,1 
2-4 -1,0.005434782608695676,0.7558139534883721,0.010869565217391353,0.3407407407407408,0.627906976744186,0.9796783625730994,-1,-1,0.005434782608695676,0.5962962962962963,-1,-1,0.33333333333333337,-1,0.33333333333333337,-1,0.010869565217391353,-1 1.0,1.0,1.0,1.0,1.0,1.0,1.0,1.0,1.0,1.0,1.0,1.0,1.0,1.0,1.0,1.0,1.0,1.0,1.0 1.0,1.0,1.0,1.0,1.0,1.0,1.0,1.0,1.0,1.0,1.0,1.0,1.0,1.0,1.0,1.0,1.0,1.0,1.0 0.368421052631579 1 1,2,5,2,3,5,10,1,1,2,3,1,1,3,1,3,1,2,1 
2-6 -1,0.005434782608695676,0.7558139534883721,0.010869565217391353,0.3407407407407408,0.627906976744186,0.9796783625730994,-1,-1,0.005434782608695676,0.5962962962962963,-1,-1,0.33333333333333337,-1,0.33333333333333337,-1,0.010869565217391353,-1 1.0,1.0,0.6,1.0,1.0,1.0,1.0,1.0,1.0,1.0,0.6666666666666666,0.5,1.0,1.0,1.0,0.5,1.0,1.0,1.0 1.0,1.0,1.0,1.0,1.0,1.0,1.0,1.0,1.0,1.0,1.0,1.0,1.0,1.0,1.0,1.0,1.0,1.0,1.0 0.368421052631579 1 1,2,5,2,3,5,10,1,1,2,3,1,1,3,1,3,1,2,1 
2-7 -1,0.005434782608695676,0.7558139534883721,0.010869565217391353,0.3407407407407408,0.627906976744186,0.9796783625730994,-1,-1,0.005434782608695676,0.5962962962962963,-1,-1,0.33333333333333337,-1,0.33333333333333337,-1,0.010869565217391353,-1 1.0,1.0,0.6,1.0,1.0,1.0,1.0,1.0,1.0,1.0,0.6666666666666666,0.5,1.0,1.0,1.0,0.75,1.0,1.0,1.0 1.0,1.0,1.0,1.0,1.0,1.0,1.0,1.0,1.0,1.0,1.0,1.0,1.0,1.0,1.0,1.0,1.0,1.0,1.0 0.368421052631579 1 1,2,5,2,3,5,10,1,1,2,3,1,1,3,1,3,1,2,1 
2-9 -1,0.005434782608695676,0.7558139534883721,0.010869565217391353,0.3407407407407408,0.627906976744186,0.9796783625730994,-1,-1,0.005434782608695676,0.5962962962962963,-1,-1,0.33333333333333337,-1,0.33333333333333337,-1,0.010869565217391353,-1 1.0,1.0,0.6,1.0,1.0,1.0,1.0,1.0,1.0,1.0,1.0,1.0,1.0,1.0,1.0,0.5,1.0,1.0,1.0 1.0,1.0,1.0,1.0,1.0,1.0,1.0,1.0,1.0,1.0,1.0,1.0,1.0,1.0,1.0,1.0,1.0,1.0,1.0 0.368421052631579 1 1,2,5,2,3,5,10,1,1,2,3,1,1,3,1,3,1,2,1 
2-10 -1,0.005434782608695676,0.7558139534883721,0.010869565217391353,0.3407407407407408,0.627906976744186,0.9796783625730994,-1,-1,0.005434782608695676,0.5962962962962963,-1,-1,0.33333333333333337,-1,0.33333333333333337,-1,0.010869565217391353,-1 1.0,1.0,1.0,1.0,1.0,0.8,1.0,1.0,1.0,1.0,0.6666666666666666,0.5,1.0,1.0,1.0,1.0,1.0,1.0,1.0 1.0,1.0,1.0,1.0,1.0,1.0,1.0,1.0,1.0,1.0,1.0,1.0,1.0,1.0,1.0,1.0,1.0,1.0,1.0 0.368421052631579 1 1,2,5,2,3,5,10,1,1,2,3,1,1,3,1,3,1,2,1 
2-12 -1,0.005434782608695676,0.7558139534883721,0.010869565217391353,0.3407407407407408,0.627906976744186,0.9796783625730994,-1,-1,0.005434782608695676,0.5962962962962963,-1,-1,0.33333333333333337,-1,0.33333333333333337,-1,0.010869565217391353,-1 1.0,0.5,0.8,1.0,1.0,1.0,1.0,1.0,1.0,1.0,1.0,0.5,1.0,1.0,1.0,0.75,1.0,1.0,1.0 1.0,1.0,1.0,1.0,1.0,1.0,1.0,1.0,1.0,1.0,1.0,1.0,1.0,1.0,1.0,1.0,1.0,1.0,1.0 0.368421052631579 1 1,2,5,2,3,5,10,1,1,2,3,1,1,3,1,3,1,2,1 
2-14 -1,0.005434782608695676,0.7558139534883721,0.010869565217391353,0.3407407407407408,0.627906976744186,0.9796783625730994,-1,-1,0.005434782608695676,0.5962962962962963,-1,-1,0.33333333333333337,-1,0.33333333333333337,-1,0.010869565217391353,-1 1.0,1.0,1.0,1.0,1.0,1.0,1.0,1.0,1.0,1.0,0.6666666666666666,0.5,1.0,1.0,1.0,0.5,1.0,0.5,1.0 1.0,1.0,1.0,1.0,1.0,1.0,1.0,1.0,1.0,1.0,1.0,1.0,1.0,1.0,1.0,1.0,1.0,1.0,1.0 0.368421052631579 1 1,2,5,2,3,5,10,1,1,2,3,1,1,3,1,3,1,2,1 
2-16 -1,0.005434782608695676,0.7558139534883721,0.010869565217391353,0.3407407407407408,0.627906976744186,0.9796783625730994,-1,-1,0.005434782608695676,0.5962962962962963,-1,-1,0.33333333333333337,-1,0.33333333333333337,-1,0.010869565217391353,-1 1.0,1.0,1.0,1.0,1.0,1.0,1.0,1.0,1.0,1.0,1.0,1.0,1.0,1.0,1.0,1.0,1.0,1.0,1.0 1.0,1.0,1.0,1.0,1.0,1.0,1.0,1.0,1.0,1.0,1.0,1.0,1.0,1.0,1.0,1.0,1.0,1.0,1.0 0.368421052631579 1 1,2,5,2,3,5,10,1,1,2,3,1,1,3,1,3,1,2,1 
2-17 -1,0.005434782608695676,0.7558139534883721,0.010869565217391353,0.3407407407407408,0.627906976744186,0.9796783625730994,-1,-1,0.005434782608695676,0.5962962962962963,-1,-1,0.33333333333333337,-1,0.33333333333333337,-1,0.010869565217391353,-1 1.0,1.0,1.0,1.0,1.0,1.0,1.0,1.0,1.0,1.0,1.0,1.0,1.0,1.0,1.0,1.0,1.0,1.0,1.0 1.0,1.0,1.0,1.0,1.0,1.0,1.0,1.0,1.0,1.0,1.0,1.0,1.0,1.0,1.0,1.0,1.0,1.0,1.0 0.368421052631579 1 1,2,5,2,3,5,10,1,1,2,3,1,1,3,1,3,1,2,1 
2-21 -1,0.005434782608695676,0.7558139534883721,0.010869565217391353,0.3407407407407408,0.627906976744186,0.9796783625730994,-1,-1,0.005434782608695676,0.5962962962962963,-1,-1,0.33333333333333337,-1,0.33333333333333337,-1,0.010869565217391353,-1 1.0,1.0,1.0,1.0,1.0,1.0,1.0,1.0,1.0,1.0,0.6666666666666666,0.5,1.0,1.0,1.0,0.5,1.0,0.5,1.0 1.0,1.0,1.0,1.0,1.0,1.0,1.0,1.0,1.0,1.0,1.0,1.0,1.0,1.0,1.0,1.0,1.0,1.0,1.0 0.368421052631579 1 1,2,5,2,3,5,10,1,1,2,3,1,1,3,1,3,1,2,1 
2-22 -1,0.005434782608695676,0.7558139534883721,0.010869565217391353,0.3407407407407408,0.627906976744186,0.9796783625730994,-1,-1,0.005434782608695676,0.5962962962962963,-1,-1,0.33333333333333337,-1,0.33333333333333337,-1,0.010869565217391353,-1 1.0,1.0,1.0,1.0,1.0,1.0,1.0,1.0,1.0,1.0,0.6666666666666666,0.5,1.0,1.0,1.0,0.5,1.0,1.0,1.0 1.0,1.0,1.0,1.0,1.0,1.0,1.0,1.0,1.0,1.0,1.0,1.0,1.0,1.0,1.0,1.0,1.0,1.0,1.0 0.368421052631579 1 1,2,5,2,3,5,10,1,1,2,3,1,1,3,1,3,1,2,1 
2-23 -1,0.005434782608695676,0.7558139534883721,0.010869565217391353,0.3407407407407408,0.627906976744186,0.9796783625730994,-1,-1,0.005434782608695676,0.5962962962962963,-1,-1,0.33333333333333337,-1,0.33333333333333337,-1,0.010869565217391353,-1 1.0,1.0,1.0,1.0,1.0,1.0,1.0,1.0,1.0,1.0,0.6666666666666666,1.0,1.0,1.0,1.0,1.0,1.0,0.5,1.0 1.0,1.0,1.0,1.0,1.0,1.0,1.0,1.0,1.0,1.0,1.0,1.0,1.0,1.0,1.0,1.0,1.0,1.0,1.0 0.368421052631579 1 1,2,5,2,3,5,10,1,1,2,3,1,1,3,1,3,1,2,1 
2-25 -1,0.005434782608695676,0.7558139534883721,0.010869565217391353,0.3407407407407408,0.627906976744186,0.9796783625730994,-1,-1,0.005434782608695676,0.5962962962962963,-1,-1,0.33333333333333337,-1,0.33333333333333337,-1,0.010869565217391353,-1 1.0,1.0,0.8,1.0,0.6666666666666666,0.8,0.8,1.0,1.0,1.0,0.3333333333333333,0.5,1.0,1.0,1.0,0.5,1.0,1.0,1.0 1.0,1.0,1.0,1.0,1.0,1.0,1.0,1.0,1.0,1.0,1.0,1.0,1.0,1.0,1.0,1.0,1.0,1.0,1.0 0.368421052631579 1 1,2,5,2,3,5,10,1,1,2,3,1,1,3,1,3,1,2,1 
2-27 -1,0.005434782608695676,0.7558139534883721,0.010869565217391353,0.3407407407407408,0.627906976744186,0.9796783625730994,-1,-1,0.005434782608695676,0.5962962962962963,-1,-1,0.33333333333333337,-1,0.33333333333333337,-1,0.010869565217391353,-1 1.0,1.0,1.0,1.0,1.0,1.0,1.0,1.0,1.0,1.0,1.0,1.0,1.0,1.0,1.0,1.0,1.0,1.0,1.0 1.0,1.0,1.0,1.0,1.0,1.0,1.0,1.0,1.0,1.0,1.0,1.0,1.0,1.0,1.0,1.0,1.0,1.0,1.0 0.368421052631579 1 1,2,5,2,3,5,10,1,1,2,3,1,1,3,1,3,1,2,1 
2-29 -1,0.005434782608695676,0.7558139534883721,0.010869565217391353,0.3407407407407408,0.627906976744186,0.9796783625730994,-1,-1,0.005434782608695676,0.5962962962962963,-1,-1,0.33333333333333337,-1,0.33333333333333337,-1,0.010869565217391353,-1 1.0,1.0,1.0,1.0,1.0,1.0,1.0,1.0,1.0,1.0,1.0,1.0,1.0,1.0,1.0,1.0,1.0,1.0,1.0 1.0,1.0,1.0,1.0,1.0,1.0,1.0,1.0,1.0,1.0,1.0,1.0,1.0,1.0,1.0,1.0,1.0,1.0,1.0 0.368421052631579 1 1,2,5,2,3,5,10,1,1,2,3,1,1,3,1,3,1,2,1 
2-31 -1,0.005434782608695676,0.7558139534883721,0.010869565217391353,0.3407407407407408,0.627906976744186,0.9796783625730994,-1,-1,0.005434782608695676,0.5962962962962963,-1,-1,0.33333333333333337,-1,0.33333333333333337,-1,0.010869565217391353,-1 1.0,1.0,1.0,1.0,1.0,1.0,1.0,1.0,1.0,1.0,1.0,1.0,1.0,1.0,1.0,1.0,1.0,1.0,1.0 1.0,1.0,1.0,1.0,1.0,1.0,1.0,1.0,1.0,1.0,1.0,1.0,1.0,1.0,1.0,1.0,1.0,1.0,1.0 0.368421052631579 1 1,2,5,2,3,5,10,1,1,2,3,1,1,3,1,3,1,2,1 
2-49 -1,0.005434782608695676,0.7558139534883721,0.010869565217391353,0.3407407407407408,0.627906976744186,0.9796783625730994,-1,-1,0.005434782608695676,0.5962962962962963,-1,-1,0.33333333333333337,-1,0.33333333333333337,-1,0.010869565217391353,-1 1.0,1.0,1.0,1.0,1.0,1.0,1.0,1.0,1.0,1.0,1.0,1.0,1.0,1.0,1.0,1.0,1.0,1.0,1.0 1.0,1.0,1.0,1.0,1.0,1.0,1.0,1.0,1.0,1.0,1.0,1.0,1.0,1.0,1.0,1.0,1.0,1.0,1.0 0.368421052631579 1 1,2,5,2,3,5,10,1,1,2,3,1,1,3,1,3,1,2,1 
2-51 -1,0.005434782608695676,0.7558139534883721,0.010869565217391353,0.3407407407407408,0.627906976744186,0.9796783625730994,-1,-1,0.005434782608695676,0.5962962962962963,-1,-1,0.33333333333333337,-1,0.33333333333333337,-1,0.010869565217391353,-1 1.0,1.0,1.0,1.0,1.0,1.0,1.0,1.0,1.0,1.0,1.0,1.0,1.0,1.0,1.0,1.0,1.0,1.0,1.0 1.0,1.0,1.0,1.0,1.0,1.0,1.0,1.0,1.0,1.0,1.0,1.0,1.0,1.0,1.0,1.0,1.0,1.0,1.0 0.368421052631579 1 1,2,5,2,3,5,10,1,1,2,3,1,1,3,1,3,1,2,1 
2-53 -1,0.005434782608695676,0.7558139534883721,0.010869565217391353,0.3407407407407408,0.627906976744186,0.9796783625730994,-1,-1,0.005434782608695676,0.5962962962962963,-1,-1,0.33333333333333337,-1,0.33333333333333337,-1,0.010869565217391353,-1 1.0,1.0,1.0,1.0,1.0,1.0,1.0,1.0,1.0,1.0,1.0,1.0,1.0,1.0,1.0,1.0,1.0,1.0,1.0 1.0,1.0,1.0,1.0,1.0,1.0,1.0,1.0,1.0,1.0,1.0,1.0,1.0,1.0,1.0,1.0,1.0,1.0,1.0 0.368421052631579 1 1,2,5,2,3,5,10,1,1,2,3,1,1,3,1,3,1,2,1 
2-58 -1,0.005434782608695676,0.7558139534883721,0.010869565217391353,0.3407407407407408,0.627906976744186,0.9796783625730994,-1,-1,0.005434782608695676,0.5962962962962963,-1,-1,0.33333333333333337,-1,0.33333333333333337,-1,0.010869565217391353,-1 1.0,1.0,1.0,1.0,1.0,1.0,1.0,1.0,1.0,1.0,1.0,1.0,1.0,1.0,1.0,1.0,1.0,1.0,1.0 1.0,1.0,1.0,1.0,1.0,1.0,1.0,1.0,1.0,1.0,1.0,1.0,1.0,1.0,1.0,1.0,1.0,1.0,1.0 0.368421052631579 1 1,2,5,2,3,5,10,1,1,2,3,1,1,3,1,3,1,2,1 
2-59 -1,0.005434782608695676,0.7558139534883721,0.010869565217391353,0.3407407407407408,0.627906976744186,0.9796783625730994,-1,-1,0.005434782608695676,0.5962962962962963,-1,-1,0.33333333333333337,-1,0.33333333333333337,-1,0.010869565217391353,-1 1.0,1.0,1.0,1.0,1.0,1.0,1.0,1.0,1.0,1.0,1.0,1.0,1.0,1.0,1.0,1.0,1.0,1.0,1.0 1.0,1.0,1.0,1.0,1.0,1.0,1.0,1.0,1.0,1.0,1.0,1.0,1.0,1.0,1.0,1.0,1.0,1.0,1.0 0.368421052631579 1 1,2,5,2,3,5,10,1,1,2,3,1,1,3,1,3,1,2,1 
2-60 -1,0.005434782608695676,0.7558139534883721,0.010869565217391353,0.3407407407407408,0.627906976744186,0.9796783625730994,-1,-1,0.005434782608695676,0.5962962962962963,-1,-1,0.33333333333333337,-1,0.33333333333333337,-1,0.010869565217391353,-1 1.0,1.0,1.0,1.0,1.0,1.0,1.0,1.0,1.0,1.0,1.0,1.0,1.0,1.0,1.0,1.0,1.0,1.0,1.0 1.0,1.0,1.0,1.0,1.0,1.0,1.0,1.0,1.0,1.0,1.0,1.0,1.0,1.0,1.0,1.0,1.0,1.0,1.0 0.368421052631579 1 1,2,5,2,3,5,10,1,1,2,3,1,1,3,1,3,1,2,1 
2-61 -1,0.005434782608695676,0.7558139534883721,0.010869565217391353,0.3407407407407408,0.627906976744186,0.9796783625730994,-1,-1,0.005434782608695676,0.5962962962962963,-1,-1,0.33333333333333337,-1,0.33333333333333337,-1,0.010869565217391353,-1 1.0,1.0,1.0,1.0,1.0,1.0,1.0,1.0,1.0,1.0,1.0,1.0,1.0,1.0,1.0,1.0,1.0,1.0,1.0 1.0,1.0,1.0,1.0,1.0,1.0,1.0,1.0,1.0,1.0,1.0,1.0,1.0,1.0,1.0,1.0,1.0,1.0,1.0 0.368421052631579 1 1,2,5,2,3,5,10,1,1,2,3,1,1,3,1,3,1,2,1 
2-62 -1,0.005434782608695676,0.7558139534883721,0.010869565217391353,0.3407407407407408,0.627906976744186,0.9796783625730994,-1,-1,0.005434782608695676,0.5962962962962963,-1,-1,0.33333333333333337,-1,0.33333333333333337,-1,0.010869565217391353,-1 1.0,1.0,1.0,1.0,1.0,1.0,1.0,1.0,1.0,1.0,1.0,1.0,1.0,1.0,1.0,1.0,1.0,1.0,1.0 1.0,1.0,1.0,1.0,1.0,1.0,1.0,1.0,1.0,1.0,1.0,1.0,1.0,1.0,1.0,1.0,1.0,1.0,1.0 0.368421052631579 1 1,2,5,2,3,5,10,1,1,2,3,1,1,3,1,3,1,2,1 
2-63 -1,0.005434782608695676,0.7558139534883721,0.010869565217391353,0.3407407407407408,0.627906976744186,0.9796783625730994,-1,-1,0.005434782608695676,0.5962962962962963,-1,-1,0.33333333333333337,-1,0.33333333333333337,-1,0.010869565217391353,-1 1.0,1.0,1.0,1.0,1.0,1.0,1.0,1.0,1.0,1.0,1.0,1.0,1.0,1.0,1.0,1.0,1.0,1.0,1.0 1.0,1.0,1.0,1.0,1.0,1.0,1.0,1.0,1.0,1.0,1.0,1.0,1.0,1.0,1.0,1.0,1.0,1.0,1.0 0.368421052631579 1 1,2,5,2,3,5,10,1,1,2,3,1,1,3,1,3,1,2,1 
2-64 -1,0.005434782608695676,0.7558139534883721,0.010869565217391353,0.3407407407407408,0.627906976744186,0.9796783625730994,-1,-1,0.005434782608695676,0.5962962962962963,-1,-1,0.33333333333333337,-1,0.33333333333333337,-1,0.010869565217391353,-1 1.0,1.0,1.0,1.0,1.0,1.0,1.0,1.0,1.0,1.0,1.0,1.0,1.0,1.0,1.0,1.0,1.0,1.0,1.0 1.0,1.0,1.0,1.0,1.0,1.0,1.0,1.0,1.0,1.0,1.0,1.0,1.0,1.0,1.0,1.0,1.0,1.0,1.0 0.368421052631579 1 1,2,5,2,3,5,10,1,1,2,3,1,1,3,1,3,1,2,1 
2-66 -1,0.005434782608695676,0.7558139534883721,0.010869565217391353,0.3407407407407408,0.627906976744186,0.9796783625730994,-1,-1,0.005434782608695676,0.5962962962962963,-1,-1,0.33333333333333337,-1,0.33333333333333337,-1,0.010869565217391353,-1 1.0,1.0,1.0,1.0,1.0,0.8,1.0,1.0,1.0,1.0,0.3333333333333333,0.5,1.0,1.0,1.0,0.75,1.0,1.0,1.0 1.0,1.0,1.0,1.0,1.0,1.0,1.0,1.0,1.0,1.0,1.0,1.0,1.0,1.0,1.0,1.0,1.0,1.0,1.0 0.368421052631579 1 1,2,5,2,3,5,10,1,1,2,3,1,1,3,1,3,1,2,1 
2-67 -1,0.005434782608695676,0.7558139534883721,0.010869565217391353,0.3407407407407408,0.627906976744186,0.9796783625730994,-1,-1,0.005434782608695676,0.5962962962962963,-1,-1,0.33333333333333337,-1,0.33333333333333337,-1,0.010869565217391353,-1 1.0,1.0,1.0,1.0,1.0,1.0,1.0,1.0,1.0,1.0,1.0,1.0,1.0,1.0,1.0,1.0,1.0,1.0,1.0 1.0,1.0,1.0,1.0,1.0,1.0,1.0,1.0,1.0,1.0,1.0,1.0,1.0,1.0,1.0,1.0,1.0,1.0,1.0 0.368421052631579 1 1,2,5,2,3,5,10,1,1,2,3,1,1,3,1,3,1,2,1 
2-68 -1,0.005434782608695676,0.7558139534883721,0.010869565217391353,0.3407407407407408,0.627906976744186,0.9796783625730994,-1,-1,0.005434782608695676,0.5962962962962963,-1,-1,0.33333333333333337,-1,0.33333333333333337,-1,0.010869565217391353,-1 1.0,1.0,0.6,1.0,1.0,1.0,1.0,1.0,1.0,1.0,1.0,1.0,1.0,1.0,1.0,0.75,1.0,1.0,1.0 1.0,1.0,1.0,1.0,1.0,1.0,1.0,1.0,1.0,1.0,1.0,1.0,1.0,1.0,1.0,1.0,1.0,1.0,1.0 0.368421052631579 1 1,2,5,2,3,5,10,1,1,2,3,1,1,3,1,3,1,2,1 
2-69 -1,0.005434782608695676,0.7558139534883721,0.010869565217391353,0.3407407407407408,0.627906976744186,0.9796783625730994,-1,-1,0.005434782608695676,0.5962962962962963,-1,-1,0.33333333333333337,-1,0.33333333333333337,-1,0.010869565217391353,-1 1.0,1.0,1.0,1.0,1.0,0.6,1.0,1.0,1.0,1.0,1.0,1.0,1.0,1.0,1.0,1.0,1.0,1.0,1.0 1.0,1.0,1.0,1.0,1.0,1.0,1.0,1.0,1.0,1.0,1.0,1.0,1.0,1.0,1.0,1.0,1.0,1.0,1.0 0.368421052631579 1 1,2,5,2,3,5,10,1,1,2,3,1,1,3,1,3,1,2,1 
4-1 0.9818840579710145,0.010869565217391353 0.9166666666666666,1.0 0.9826086956521739,1.0 0.5 1 46,2 
4-2 0.9818840579710145,0.010869565217391353 0.22916666666666666,1.0 0.9826086956521739,1.0 0.5 1 46,2 
4-4 0.9818840579710145,0.010869565217391353 1.0,1.0 0.9826086956521739,1.0 0.5 1 46,2 
4-6 0.9818840579710145,0.010869565217391353 0.7708333333333334,1.0 0.9826086956521739,1.0 0.5 1 46,2 
4-7 0.9818840579710145,0.010869565217391353 0.8541666666666666,1.0 0.9826086956521739,1.0 0.5 1 46,2 
4-9 0.9818840579710145,0.010869565217391353 0.8541666666666666,1.0 0.9826086956521739,1.0 0.5 1 46,2 
4-10 0.9818840579710145,0.010869565217391353 0.3541666666666667,1.0 0.9826086956521739,1.0 0.5 1 46,2 
4-12 0.9818840579710145,0.010869565217391353 0.8125,1.0 0.9826086956521739,1.0 0.5 1 46,2 
4-14 0.9818840579710145,0.010869565217391353 0.8958333333333334,0.5 0.9826086956521739,1.0 0.5 1 46,2 
4-16 0.9818840579710145,0.010869565217391353 0.9375,1.0 0.9826086956521739,1.0 0.5 1 46,2 
4-17 0.9818840579710145,0.010869565217391353 0.9791666666666666,1.0 0.9826086956521739,1.0 0.5 1 46,2 
4-21 0.9818840579710145,0.010869565217391353 0.8958333333333334,0.5 0.9826086956521739,1.0 0.5 1 46,2 
4-22 0.9818840579710145,0.010869565217391353 0.8958333333333334,1.0 0.9826086956521739,1.0 0.5 1 46,2 
4-23 0.9818840579710145,0.010869565217391353 0.9583333333333334,0.5 0.9826086956521739,1.0 0.5 1 46,2 
4-25 0.9818840579710145,0.010869565217391353 0.5416666666666666,1.0 0.9826086956521739,1.0 0.5 1 46,2 
4-27 0.9818840579710145,0.010869565217391353 1.0,1.0 0.9826086956521739,1.0 0.5 1 46,2 
4-29 0.9818840579710145,0.010869565217391353 1.0,1.0 0.9826086956521739,1.0 0.5 1 46,2 
4-31 0.9818840579710145,0.010869565217391353 1.0,1.0 0.9826086956521739,1.0 0.5 1 46,2 
4-49 0.9818840579710145,0.010869565217391353 1.0,1.0 0.9826086956521739,1.0 0.5 1 46,2 
4-51 0.9818840579710145,0.010869565217391353 1.0,1.0 0.9826086956521739,1.0 0.5 1 46,2 
4-53 0.9818840579710145,0.010869565217391353 1.0,1.0 0.9826086956521739,1.0 0.5 1 46,2 
4-58 0.9818840579710145,0.010869565217391353 1.0,1.0 0.9826086956521739,1.0 0.5 1 46,2 
4-59 0.9818840579710145,0.010869565217391353 1.0,1.0 0.9826086956521739,1.0 0.5 1 46,2 
4-60 0.9818840579710145,0.010869565217391353 1.0,1.0 0.9826086956521739,1.0 0.5 1 46,2 
4-61 0.9818840579710145,0.010869565217391353 1.0,1.0 0.9826086956521739,1.0 0.5 1 46,2 
4-62 0.9818840579710145,0.010869565217391353 1.0,1.0 0.9826086956521739,1.0 0.5 1 46,2 
4-63 0.9818840579710145,0.010869565217391353 1.0,1.0 0.9826086956521739,1.0 0.5 1 46,2 
4-64 0.9818840579710145,0.010869565217391353 1.0,1.0 0.9826086956521739,1.0 0.5 1 46,2 
4-66 0.9818840579710145,0.010869565217391353 0.3541666666666667,1.0 0.9826086956521739,1.0 0.5 1 46,2 
4-67 0.9818840579710145,0.010869565217391353 1.0,1.0 0.9826086956521739,1.0 0.5 1 46,2 
4-68 0.9818840579710145,0.010869565217391353 0.75,1.0 0.9826086956521739,1.0 0.5 1 46,2 
4-69 0.9818840579710145,0.010869565217391353 0.875,1.0 0.9826086956521739,1.0 0.5 1 46,2 
6-1 -2 0.92 0.9716666666666667 1.0 -1 48 
6-2 -2 0.26 0.9716666666666667 1.0 -1 48 
6-4 -2 1.0 0.9716666666666667 1.0 -1 48 
6-6 -2 0.74 0.9716666666666667 1.0 -1 48 
6-7 -2 0.82 0.9716666666666667 1.0 -1 48 
6-9 -2 0.82 0.9716666666666667 1.0 -1 48 
6-10 -2 0.34 0.9716666666666667 1.0 -1 48 
6-12 -2 0.78 0.9716666666666667 1.0 -1 48 
6-14 -2 0.86 0.9716666666666667 1.0 -1 48 
6-16 -2 0.94 0.9716666666666667 1.0 -1 48 
6-17 -2 0.98 0.9716666666666667 1.0 -1 48 
6-21 -2 0.86 0.9716666666666667 1.0 -1 48 
6-22 -2 0.86 0.9716666666666667 1.0 -1 48 
6-23 -2 0.94 0.9716666666666667 1.0 -1 48 
6-25 -2 0.52 0.9716666666666667 1.0 -1 48 
6-27 -2 1.0 0.9716666666666667 1.0 -1 48 
6-29 -2 1.0 0.9716666666666667 1.0 -1 48 
6-31 -2 1.0 0.9716666666666667 1.0 -1 48 
6-49 -2 1.0 0.9716666666666667 1.0 -1 48 
6-51 -2 1.0 0.9716666666666667 1.0 -1 48 
6-53 -2 1.0 0.9716666666666667 1.0 -1 48 
6-58 -2 1.0 0.9716666666666667 1.0 -1 48 
6-59 -2 1.0 0.9716666666666667 1.0 -1 48 
6-60 -2 1.0 0.9716666666666667 1.0 -1 48 
6-61 -2 1.0 0.9716666666666667 1.0 -1 48 
6-62 -2 1.0 0.9716666666666667 1.0 -1 48 
6-63 -2 1.0 0.9716666666666667 1.0 -1 48 
6-64 -2 1.0 0.9716666666666667 1.0 -1 48 
6-66 -2 0.38 0.9716666666666667 1.0 -1 48 
6-67 -2 1.0 0.9716666666666667 1.0 -1 48 
6-68 -2 0.76 0.9716666666666667 1.0 -1 48 
6-69 -2 0.88 0.9716666666666667 1.0 -1 48 
7-1 -2 0.92 0.9716666666666667 1.0 -1 48 
7-2 -2 0.26 0.9716666666666667 1.0 -1 48 
7-4 -2 1.0 0.9716666666666667 1.0 -1 48 
7-6 -2 0.74 0.9716666666666667 1.0 -1 48 
7-7 -2 0.82 0.9716666666666667 1.0 -1 48 
7-9 -2 0.82 0.9716666666666667 1.0 -1 48 
7-10 -2 0.34 0.9716666666666667 1.0 -1 48 
7-12 -2 0.78 0.9716666666666667 1.0 -1 48 
7-14 -2 0.86 0.9716666666666667 1.0 -1 48 
7-16 -2 0.94 0.9716666666666667 1.0 -1 48 
7-17 -2 0.98 0.9716666666666667 1.0 -1 48 
7-21 -2 0.86 0.9716666666666667 1.0 -1 48 
7-22 -2 0.86 0.9716666666666667 1.0 -1 48 
7-23 -2 0.94 0.9716666666666667 1.0 -1 48 
7-25 -2 0.52 0.9716666666666667 1.0 -1 48 
7-27 -2 1.0 0.9716666666666667 1.0 -1 48 
7-29 -2 1.0 0.9716666666666667 1.0 -1 48 
7-31 -2 1.0 0.9716666666666667 1.0 -1 48 
7-49 -2 1.0 0.9716666666666667 1.0 -1 48 
7-51 -2 1.0 0.9716666666666667 1.0 -1 48 
7-53 -2 1.0 0.9716666666666667 1.0 -1 48 
7-58 -2 1.0 0.9716666666666667 1.0 -1 48 
7-59 -2 1.0 0.9716666666666667 1.0 -1 48 
7-60 -2 1.0 0.9716666666666667 1.0 -1 48 
7-61 -2 1.0 0.9716666666666667 1.0 -1 48 
7-62 -2 1.0 0.9716666666666667 1.0 -1 48 
7-63 -2 1.0 0.9716666666666667 1.0 -1 48 
7-64 -2 1.0 0.9716666666666667 1.0 -1 48 
7-66 -2 0.38 0.9716666666666667 1.0 -1 48 
7-67 -2 1.0 0.9716666666666667 1.0 -1 48 
7-68 -2 0.76 0.9716666666666667 1.0 -1 48 
7-69 -2 0.88 0.9716666666666667 1.0 -1 48 
9-1 -2 0.92 0.9716666666666667 1.0 -1 48 
9-2 -2 0.26 0.9716666666666667 1.0 -1 48 
9-4 -2 1.0 0.9716666666666667 1.0 -1 48 
9-6 -2 0.74 0.9716666666666667 1.0 -1 48 
9-7 -2 0.82 0.9716666666666667 1.0 -1 48 
9-9 -2 0.82 0.9716666666666667 1.0 -1 48 
9-10 -2 0.34 0.9716666666666667 1.0 -1 48 
9-12 -2 0.78 0.9716666666666667 1.0 -1 48 
9-14 -2 0.86 0.9716666666666667 1.0 -1 48 
9-16 -2 0.94 0.9716666666666667 1.0 -1 48 
9-17 -2 0.98 0.9716666666666667 1.0 -1 48 
9-21 -2 0.86 0.9716666666666667 1.0 -1 48 
9-22 -2 0.86 0.9716666666666667 1.0 -1 48 
9-23 -2 0.94 0.9716666666666667 1.0 -1 48 
9-25 -2 0.52 0.9716666666666667 1.0 -1 48 
9-27 -2 1.0 0.9716666666666667 1.0 -1 48 
9-29 -2 1.0 0.9716666666666667 1.0 -1 48 
9-31 -2 1.0 0.9716666666666667 1.0 -1 48 
9-49 -2 1.0 0.9716666666666667 1.0 -1 48 
9-51 -2 1.0 0.9716666666666667 1.0 -1 48 
9-53 -2 1.0 0.9716666666666667 1.0 -1 48 
9-58 -2 1.0 0.9716666666666667 1.0 -1 48 
9-59 -2 1.0 0.9716666666666667 1.0 -1 48 
9-60 -2 1.0 0.9716666666666667 1.0 -1 48 
9-61 -2 1.0 0.9716666666666667 1.0 -1 48 
9-62 -2 1.0 0.9716666666666667 1.0 -1 48 
9-63 -2 1.0 0.9716666666666667 1.0 -1 48 
9-64 -2 1.0 0.9716666666666667 1.0 -1 48 
9-66 -2 0.38 0.9716666666666667 1.0 -1 48 
9-67 -2 1.0 0.9716666666666667 1.0 -1 48 
9-68 -2 0.76 0.9716666666666667 1.0 -1 48 
9-69 -2 0.88 0.9716666666666667 1.0 -1 48 
10-1 0.005434782608695676,0.9929036458333333,0.7160278745644599,0.010869565217391353,0.3407407407407408,0.7045454545454546,0.9796783625730994,-1,0.010869565217391353,-1 1.0,0.9444444444444444,1.0,1.0,1.0,0.5,1.0,1.0,1.0,1.0 1.0,1.0,1.0,1.0,1.0,1.0,1.0,1.0,1.0,1.0 0.5 1 2,16,7,2,3,4,10,1,2,1 
10-2 0.005434782608695676,0.9929036458333333,0.7160278745644599,0.010869565217391353,0.3407407407407408,0.7045454545454546,0.9796783625730994,-1,0.010869565217391353,-1 1.0,0.3333333333333333,0.2857142857142857,1.0,0.6666666666666666,0.5,1.0,1.0,1.0,1.0 1.0,1.0,1.0,1.0,1.0,1.0,1.0,1.0,1.0,1.0 0.5 1 2,16,7,2,3,4,10,1,2,1 
10-4 0.005434782608695676,0.9929036458333333,0.7160278745644599,0.010869565217391353,0.3407407407407408,0.7045454545454546,0.9796783625730994,-1,0.010869565217391353,-1 1.0,1.0,1.0,1.0,1.0,1.0,1.0,1.0,1.0,1.0 1.0,1.0,1.0,1.0,1.0,1.0,1.0,1.0,1.0,1.0 0.5 1 2,16,7,2,3,4,10,1,2,1 
10-6 0.005434782608695676,0.9929036458333333,0.7160278745644599,0.010869565217391353,0.3407407407407408,0.7045454545454546,0.9796783625730994,-1,0.010869565217391353,-1 1.0,0.6666666666666666,0.7142857142857143,1.0,1.0,0.5,1.0,1.0,1.0,1.0 1.0,1.0,1.0,1.0,1.0,1.0,1.0,1.0,1.0,1.0 0.5 1 2,16,7,2,3,4,10,1,2,1 
10-7 0.005434782608695676,0.9929036458333333,0.7160278745644599,0.010869565217391353,0.3407407407407408,0.7045454545454546,0.9796783625730994,-1,0.010869565217391353,-1 1.0,0.8333333333333334,0.7142857142857143,1.0,1.0,0.75,1.0,1.0,1.0,1.0 1.0,1.0,1.0,1.0,1.0,1.0,1.0,1.0,1.0,1.0 0.5 1 2,16,7,2,3,4,10,1,2,1 
10-9 0.005434782608695676,0.9929036458333333,0.7160278745644599,0.010869565217391353,0.3407407407407408,0.7045454545454546,0.9796783625730994,-1,0.010869565217391353,-1 1.0,0.8333333333333334,0.7142857142857143,1.0,1.0,0.5,1.0,1.0,1.0,1.0 1.0,1.0,1.0,1.0,1.0,1.0,1.0,1.0,1.0,1.0 0.5 1 2,16,7,2,3,4,10,1,2,1 
10-10 0.005434782608695676,0.9929036458333333,0.7160278745644599,0.010869565217391353,0.3407407407407408,0.7045454545454546,0.9796783625730994,-1,0.010869565217391353,-1 1.0,0.9444444444444444,1.0,1.0,1.0,1.0,1.0,1.0,1.0,1.0 1.0,1.0,1.0,1.0,1.0,1.0,1.0,1.0,1.0,1.0 0.5 1 2,16,7,2,3,4,10,1,2,1 
10-12 0.005434782608695676,0.9929036458333333,0.7160278745644599,0.010869565217391353,0.3407407407407408,0.7045454545454546,0.9796783625730994,-1,0.010869565217391353,-1 0.5,0.7777777777777778,0.5714285714285714,1.0,1.0,1.0,1.0,1.0,1.0,1.0 1.0,1.0,1.0,1.0,1.0,1.0,1.0,1.0,1.0,1.0 0.5 1 2,16,7,2,3,4,10,1,2,1 
10-14 0.005434782608695676,0.9929036458333333,0.7160278745644599,0.010869565217391353,0.3407407407407408,0.7045454545454546,0.9796783625730994,-1,0.010869565217391353,-1 1.0,0.7777777777777778,1.0,1.0,1.0,1.0,1.0,1.0,0.5,1.0 1.0,1.0,1.0,1.0,1.0,1.0,1.0,1.0,1.0,1.0 0.5 1 2,16,7,2,3,4,10,1,2,1 
10-16 0.005434782608695676,0.9929036458333333,0.7160278745644599,0.010869565217391353,0.3407407407407408,0.7045454545454546,0.9796783625730994,-1,0.010869565217391353,-1 1.0,1.0,0.7142857142857143,1.0,1.0,1.0,1.0,1.0,1.0,1.0 1.0,1.0,1.0,1.0,1.0,1.0,1.0,1.0,1.0,1.0 0.5 1 2,16,7,2,3,4,10,1,2,1 
10-17 0.005434782608695676,0.9929036458333333,0.7160278745644599,0.010869565217391353,0.3407407407407408,0.7045454545454546,0.9796783625730994,-1,0.010869565217391353,-1 1.0,1.0,1.0,1.0,1.0,1.0,1.0,1.0,1.0,1.0 1.0,1.0,1.0,1.0,1.0,1.0,1.0,1.0,1.0,1.0 0.5 1 2,16,7,2,3,4,10,1,2,1 
10-21 0.005434782608695676,0.9929036458333333,0.7160278745644599,0.010869565217391353,0.3407407407407408,0.7045454545454546,0.9796783625730994,-1,0.010869565217391353,-1 1.0,0.7777777777777778,1.0,1.0,1.0,1.0,1.0,1.0,0.5,1.0 1.0,1.0,1.0,1.0,1.0,1.0,1.0,1.0,1.0,1.0 0.5 1 2,16,7,2,3,4,10,1,2,1 
10-22 0.005434782608695676,0.9929036458333333,0.7160278745644599,0.010869565217391353,0.3407407407407408,0.7045454545454546,0.9796783625730994,-1,0.010869565217391353,-1 1.0,0.7777777777777778,1.0,1.0,1.0,1.0,1.0,1.0,1.0,1.0 1.0,1.0,1.0,1.0,1.0,1.0,1.0,1.0,1.0,1.0 0.5 1 2,16,7,2,3,4,10,1,2,1 
10-23 0.005434782608695676,0.9929036458333333,0.7160278745644599,0.010869565217391353,0.3407407407407408,0.7045454545454546,0.9796783625730994,-1,0.010869565217391353,-1 1.0,0.9444444444444444,1.0,1.0,1.0,1.0,1.0,1.0,0.5,1.0 1.0,1.0,1.0,1.0,1.0,1.0,1.0,1.0,1.0,1.0 0.5 1 2,16,7,2,3,4,10,1,2,1 
10-25 0.005434782608695676,0.9929036458333333,0.7160278745644599,0.010869565217391353,0.3407407407407408,0.7045454545454546,0.9796783625730994,-1,0.010869565217391353,-1 0.5,0.6666666666666666,0.5714285714285714,1.0,0.6666666666666666,1.0,0.8,1.0,1.0,1.0 1.0,1.0,1.0,1.0,1.0,1.0,1.0,1.0,1.0,1.0 0.5 1 2,16,7,2,3,4,10,1,2,1 
10-27 0.005434782608695676,0.9929036458333333,0.7160278745644599,0.010869565217391353,0.3407407407407408,0.7045454545454546,0.9796783625730994,-1,0.010869565217391353,-1 1.0,1.0,1.0,1.0,1.0,1.0,1.0,1.0,1.0,1.0 1.0,1.0,1.0,1.0,1.0,1.0,1.0,1.0,1.0,1.0 0.5 1 2,16,7,2,3,4,10,1,2,1 
10-29 0.005434782608695676,0.9929036458333333,0.7160278745644599,0.010869565217391353,0.3407407407407408,0.7045454545454546,0.9796783625730994,-1,0.010869565217391353,-1 1.0,1.0,1.0,1.0,1.0,1.0,1.0,1.0,1.0,1.0 1.0,1.0,1.0,1.0,1.0,1.0,1.0,1.0,1.0,1.0 0.5 1 2,16,7,2,3,4,10,1,2,1 
10-31 0.005434782608695676,0.9929036458333333,0.7160278745644599,0.010869565217391353,0.3407407407407408,0.7045454545454546,0.9796783625730994,-1,0.010869565217391353,-1 1.0,1.0,1.0,1.0,1.0,1.0,1.0,1.0,1.0,1.0 1.0,1.0,1.0,1.0,1.0,1.0,1.0,1.0,1.0,1.0 0.5 1 2,16,7,2,3,4,10,1,2,1 
10-49 0.005434782608695676,0.9929036458333333,0.7160278745644599,0.010869565217391353,0.3407407407407408,0.7045454545454546,0.9796783625730994,-1,0.010869565217391353,-1 1.0,1.0,1.0,1.0,1.0,1.0,1.0,1.0,1.0,1.0 1.0,1.0,1.0,1.0,1.0,1.0,1.0,1.0,1.0,1.0 0.5 1 2,16,7,2,3,4,10,1,2,1 
10-51 0.005434782608695676,0.9929036458333333,0.7160278745644599,0.010869565217391353,0.3407407407407408,0.7045454545454546,0.9796783625730994,-1,0.010869565217391353,-1 1.0,1.0,1.0,1.0,1.0,1.0,1.0,1.0,1.0,1.0 1.0,1.0,1.0,1.0,1.0,1.0,1.0,1.0,1.0,1.0 0.5 1 2,16,7,2,3,4,10,1,2,1 
10-53 0.005434782608695676,0.9929036458333333,0.7160278745644599,0.010869565217391353,0.3407407407407408,0.7045454545454546,0.9796783625730994,-1,0.010869565217391353,-1 1.0,1.0,1.0,1.0,1.0,1.0,1.0,1.0,1.0,1.0 1.0,1.0,1.0,1.0,1.0,1.0,1.0,1.0,1.0,1.0 0.5 1 2,16,7,2,3,4,10,1,2,1 
10-58 0.005434782608695676,0.9929036458333333,0.7160278745644599,0.010869565217391353,0.3407407407407408,0.7045454545454546,0.9796783625730994,-1,0.010869565217391353,-1 1.0,1.0,1.0,1.0,1.0,1.0,1.0,1.0,1.0,1.0 1.0,1.0,1.0,1.0,1.0,1.0,1.0,1.0,1.0,1.0 0.5 1 2,16,7,2,3,4,10,1,2,1 
10-59 0.005434782608695676,0.9929036458333333,0.7160278745644599,0.010869565217391353,0.3407407407407408,0.7045454545454546,0.9796783625730994,-1,0.010869565217391353,-1 1.0,1.0,1.0,1.0,1.0,1.0,1.0,1.0,1.0,1.0 1.0,1.0,1.0,1.0,1.0,1.0,1.0,1.0,1.0,1.0 0.5 1 2,16,7,2,3,4,10,1,2,1 
10-60 0.005434782608695676,0.9929036458333333,0.7160278745644599,0.010869565217391353,0.3407407407407408,0.7045454545454546,0.9796783625730994,-1,0.010869565217391353,-1 1.0,1.0,1.0,1.0,1.0,1.0,1.0,1.0,1.0,1.0 1.0,1.0,1.0,1.0,1.0,1.0,1.0,1.0,1.0,1.0 0.5 1 2,16,7,2,3,4,10,1,2,1 
10-61 0.005434782608695676,0.9929036458333333,0.7160278745644599,0.010869565217391353,0.3407407407407408,0.7045454545454546,0.9796783625730994,-1,0.010869565217391353,-1 1.0,1.0,1.0,1.0,1.0,1.0,1.0,1.0,1.0,1.0 1.0,1.0,1.0,1.0,1.0,1.0,1.0,1.0,1.0,1.0 0.5 1 2,16,7,2,3,4,10,1,2,1 
10-62 0.005434782608695676,0.9929036458333333,0.7160278745644599,0.010869565217391353,0.3407407407407408,0.7045454545454546,0.9796783625730994,-1,0.010869565217391353,-1 1.0,1.0,1.0,1.0,1.0,1.0,1.0,1.0,1.0,1.0 1.0,1.0,1.0,1.0,1.0,1.0,1.0,1.0,1.0,1.0 0.5 1 2,16,7,2,3,4,10,1,2,1 
10-63 0.005434782608695676,0.9929036458333333,0.7160278745644599,0.010869565217391353,0.3407407407407408,0.7045454545454546,0.9796783625730994,-1,0.010869565217391353,-1 1.0,1.0,1.0,1.0,1.0,1.0,1.0,1.0,1.0,1.0 1.0,1.0,1.0,1.0,1.0,1.0,1.0,1.0,1.0,1.0 0.5 1 2,16,7,2,3,4,10,1,2,1 
10-64 0.005434782608695676,0.9929036458333333,0.7160278745644599,0.010869565217391353,0.3407407407407408,0.7045454545454546,0.9796783625730994,-1,0.010869565217391353,-1 1.0,1.0,1.0,1.0,1.0,1.0,1.0,1.0,1.0,1.0 1.0,1.0,1.0,1.0,1.0,1.0,1.0,1.0,1.0,1.0 0.5 1 2,16,7,2,3,4,10,1,2,1 
10-66 0.005434782608695676,0.9929036458333333,0.7160278745644599,0.010869565217391353,0.3407407407407408,0.7045454545454546,0.9796783625730994,-1,0.010869565217391353,-1 1.0,0.6666666666666666,1.0,1.0,1.0,0.5,1.0,1.0,1.0,1.0 1.0,1.0,1.0,1.0,1.0,1.0,1.0,1.0,1.0,1.0 0.5 1 2,16,7,2,3,4,10,1,2,1 
10-67 0.005434782608695676,0.9929036458333333,0.7160278745644599,0.010869565217391353,0.3407407407407408,0.7045454545454546,0.9796783625730994,-1,0.010869565217391353,-1 1.0,1.0,1.0,1.0,1.0,1.0,1.0,1.0,1.0,1.0 1.0,1.0,1.0,1.0,1.0,1.0,1.0,1.0,1.0,1.0 0.5 1 2,16,7,2,3,4,10,1,2,1 
10-68 0.005434782608695676,0.9929036458333333,0.7160278745644599,0.010869565217391353,0.3407407407407408,0.7045454545454546,0.9796783625730994,-1,0.010869565217391353,-1 0.5,0.9444444444444444,0.7142857142857143,1.0,1.0,1.0,1.0,1.0,1.0,1.0 1.0,1.0,1.0,1.0,1.0,1.0,1.0,1.0,1.0,1.0 0.5 1 2,16,7,2,3,4,10,1,2,1 
10-69 0.005434782608695676,0.9929036458333333,0.7160278745644599,0.010869565217391353,0.3407407407407408,0.7045454545454546,0.9796783625730994,-1,0.010869565217391353,-1 1.0,0.6666666666666666,1.0,1.0,1.0,1.0,1.0,1.0,1.0,1.0 1.0,1.0,1.0,1.0,1.0,1.0,1.0,1.0,1.0,1.0 0.5 1 2,16,7,2,3,4,10,1,2,1 
12-1 -1,-1,-1,0.5430976430976431 1.0,1.0,1.0,0.9148936170212766 1.0,1.0,1.0,0.9697777777777777 0.25 1 1,1,1,45 
12-2 -1,-1,-1,0.5430976430976431 1.0,1.0,1.0,0.2765957446808511 1.0,1.0,1.0,0.9697777777777777 0.25 1 1,1,1,45 
12-4 -1,-1,-1,0.5430976430976431 1.0,1.0,1.0,1.0 1.0,1.0,1.0,0.9697777777777777 0.25 1 1,1,1,45 
12-6 -1,-1,-1,0.5430976430976431 1.0,1.0,1.0,0.723404255319149 1.0,1.0,1.0,0.9697777777777777 0.25 1 1,1,1,45 
12-7 -1,-1,-1,0.5430976430976431 1.0,1.0,1.0,0.8085106382978723 1.0,1.0,1.0,0.9697777777777777 0.25 1 1,1,1,45 
12-9 -1,-1,-1,0.5430976430976431 1.0,1.0,1.0,0.8085106382978723 1.0,1.0,1.0,0.9697777777777777 0.25 1 1,1,1,45 
12-10 -1,-1,-1,0.5430976430976431 1.0,1.0,1.0,0.3404255319148936 1.0,1.0,1.0,0.9697777777777777 0.25 1 1,1,1,45 
12-12 -1,-1,-1,0.5430976430976431 1.0,1.0,1.0,0.8297872340425532 1.0,1.0,1.0,0.9697777777777777 0.25 1 1,1,1,45 
12-14 -1,-1,-1,0.5430976430976431 1.0,1.0,1.0,0.851063829787234 1.0,1.0,1.0,0.9697777777777777 0.25 1 1,1,1,45 
12-16 -1,-1,-1,0.5430976430976431 1.0,1.0,1.0,0.9361702127659575 1.0,1.0,1.0,0.9697777777777777 0.25 1 1,1,1,45 
12-17 -1,-1,-1,0.5430976430976431 1.0,1.0,1.0,0.9787234042553191 1.0,1.0,1.0,0.9697777777777777 0.25 1 1,1,1,45 
12-21 -1,-1,-1,0.5430976430976431 1.0,1.0,1.0,0.851063829787234 1.0,1.0,1.0,0.9697777777777777 0.25 1 1,1,1,45 
12-22 -1,-1,-1,0.5430976430976431 1.0,1.0,1.0,0.851063829787234 1.0,1.0,1.0,0.9697777777777777 0.25 1 1,1,1,45 
12-23 -1,-1,-1,0.5430976430976431 1.0,1.0,1.0,0.9361702127659575 1.0,1.0,1.0,0.9697777777777777 0.25 1 1,1,1,45 
12-25 -1,-1,-1,0.5430976430976431 1.0,1.0,1.0,0.5531914893617021 1.0,1.0,1.0,0.9697777777777777 0.25 1 1,1,1,45 
12-27 -1,-1,-1,0.5430976430976431 1.0,1.0,1.0,1.0 1.0,1.0,1.0,0.9697777777777777 0.25 1 1,1,1,45 
12-29 -1,-1,-1,0.5430976430976431 1.0,1.0,1.0,1.0 1.0,1.0,1.0,0.9697777777777777 0.25 1 1,1,1,45 
12-31 -1,-1,-1,0.5430976430976431 1.0,1.0,1.0,1.0 1.0,1.0,1.0,0.9697777777777777 0.25 1 1,1,1,45 
12-49 -1,-1,-1,0.5430976430976431 1.0,1.0,1.0,1.0 1.0,1.0,1.0,0.9697777777777777 0.25 1 1,1,1,45 
12-51 -1,-1,-1,0.5430976430976431 1.0,1.0,1.0,1.0 1.0,1.0,1.0,0.9697777777777777 0.25 1 1,1,1,45 
12-53 -1,-1,-1,0.5430976430976431 1.0,1.0,1.0,1.0 1.0,1.0,1.0,0.9697777777777777 0.25 1 1,1,1,45 
12-58 -1,-1,-1,0.5430976430976431 1.0,1.0,1.0,1.0 1.0,1.0,1.0,0.9697777777777777 0.25 1 1,1,1,45 
12-59 -1,-1,-1,0.5430976430976431 1.0,1.0,1.0,1.0 1.0,1.0,1.0,0.9697777777777777 0.25 1 1,1,1,45 
12-60 -1,-1,-1,0.5430976430976431 1.0,1.0,1.0,1.0 1.0,1.0,1.0,0.9697777777777777 0.25 1 1,1,1,45 
12-61 -1,-1,-1,0.5430976430976431 1.0,1.0,1.0,1.0 1.0,1.0,1.0,0.9697777777777777 0.25 1 1,1,1,45 
12-62 -1,-1,-1,0.5430976430976431 1.0,1.0,1.0,1.0 1.0,1.0,1.0,0.9697777777777777 0.25 1 1,1,1,45 
12-63 -1,-1,-1,0.5430976430976431 1.0,1.0,1.0,1.0 1.0,1.0,1.0,0.9697777777777777 0.25 1 1,1,1,45 
12-64 -1,-1,-1,0.5430976430976431 1.0,1.0,1.0,1.0 1.0,1.0,1.0,0.9697777777777777 0.25 1 1,1,1,45 
12-66 -1,-1,-1,0.5430976430976431 1.0,1.0,1.0,0.3829787234042553 1.0,1.0,1.0,0.9697777777777777 0.25 1 1,1,1,45 
12-67 -1,-1,-1,0.5430976430976431 1.0,1.0,1.0,1.0 1.0,1.0,1.0,0.9697777777777777 0.25 1 1,1,1,45 
12-68 -1,-1,-1,0.5430976430976431 1.0,1.0,1.0,0.7872340425531915 1.0,1.0,1.0,0.9697777777777777 0.25 1 1,1,1,45 
12-69 -1,-1,-1,0.5430976430976431 1.0,1.0,1.0,0.8723404255319149 1.0,1.0,1.0,0.9697777777777777 0.25 1 1,1,1,45 
14-1 0.9818840579710145,0.010869565217391353 0.9166666666666666,1.0 0.9826086956521739,1.0 0.5 1 46,2 
14-2 0.9818840579710145,0.010869565217391353 0.22916666666666666,1.0 0.9826086956521739,1.0 0.5 1 46,2 
14-4 0.9818840579710145,0.010869565217391353 1.0,1.0 0.9826086956521739,1.0 0.5 1 46,2 
14-6 0.9818840579710145,0.010869565217391353 0.7708333333333334,1.0 0.9826086956521739,1.0 0.5 1 46,2 
14-7 0.9818840579710145,0.010869565217391353 0.8541666666666666,1.0 0.9826086956521739,1.0 0.5 1 46,2 
14-9 0.9818840579710145,0.010869565217391353 0.8541666666666666,1.0 0.9826086956521739,1.0 0.5 1 46,2 
14-10 0.9818840579710145,0.010869565217391353 0.3541666666666667,1.0 0.9826086956521739,1.0 0.5 1 46,2 
14-12 0.9818840579710145,0.010869565217391353 0.8125,1.0 0.9826086956521739,1.0 0.5 1 46,2 
14-14 0.9818840579710145,0.010869565217391353 0.8958333333333334,0.5 0.9826086956521739,1.0 0.5 1 46,2 
14-16 0.9818840579710145,0.010869565217391353 0.9375,1.0 0.9826086956521739,1.0 0.5 1 46,2 
14-17 0.9818840579710145,0.010869565217391353 0.9791666666666666,1.0 0.9826086956521739,1.0 0.5 1 46,2 
14-21 0.9818840579710145,0.010869565217391353 0.8958333333333334,0.5 0.9826086956521739,1.0 0.5 1 46,2 
14-22 0.9818840579710145,0.010869565217391353 0.8958333333333334,1.0 0.9826086956521739,1.0 0.5 1 46,2 
14-23 0.9818840579710145,0.010869565217391353 0.9583333333333334,0.5 0.9826086956521739,1.0 0.5 1 46,2 
14-25 0.9818840579710145,0.010869565217391353 0.5416666666666666,1.0 0.9826086956521739,1.0 0.5 1 46,2 
14-27 0.9818840579710145,0.010869565217391353 1.0,1.0 0.9826086956521739,1.0 0.5 1 46,2 
14-29 0.9818840579710145,0.010869565217391353 1.0,1.0 0.9826086956521739,1.0 0.5 1 46,2 
14-31 0.9818840579710145,0.010869565217391353 1.0,1.0 0.9826086956521739,1.0 0.5 1 46,2 
14-49 0.9818840579710145,0.010869565217391353 1.0,1.0 0.9826086956521739,1.0 0.5 1 46,2 
14-51 0.9818840579710145,0.010869565217391353 1.0,1.0 0.9826086956521739,1.0 0.5 1 46,2 
14-53 0.9818840579710145,0.010869565217391353 1.0,1.0 0.9826086956521739,1.0 0.5 1 46,2 
14-58 0.9818840579710145,0.010869565217391353 1.0,1.0 0.9826086956521739,1.0 0.5 1 46,2 
14-59 0.9818840579710145,0.010869565217391353 1.0,1.0 0.9826086956521739,1.0 0.5 1 46,2 
14-60 0.9818840579710145,0.010869565217391353 1.0,1.0 0.9826086956521739,1.0 0.5 1 46,2 
14-61 0.9818840579710145,0.010869565217391353 1.0,1.0 0.9826086956521739,1.0 0.5 1 46,2 
14-62 0.9818840579710145,0.010869565217391353 1.0,1.0 0.9826086956521739,1.0 0.5 1 46,2 
14-63 0.9818840579710145,0.010869565217391353 1.0,1.0 0.9826086956521739,1.0 0.5 1 46,2 
14-64 0.9818840579710145,0.010869565217391353 1.0,1.0 0.9826086956521739,1.0 0.5 1 46,2 
14-66 0.9818840579710145,0.010869565217391353 0.3541666666666667,1.0 0.9826086956521739,1.0 0.5 1 46,2 
14-67 0.9818840579710145,0.010869565217391353 1.0,1.0 0.9826086956521739,1.0 0.5 1 46,2 
14-68 0.9818840579710145,0.010869565217391353 0.75,1.0 0.9826086956521739,1.0 0.5 1 46,2 
14-69 0.9818840579710145,0.010869565217391353 0.875,1.0 0.9826086956521739,1.0 0.5 1 46,2 
16-1 0.45309196617336156,0.005434782608695676,-1,-1 0.9333333333333333,1.0,1.0,1.0 0.9690909090909091,1.0,1.0,1.0 0.25 1 44,2,1,1 
16-2 0.45309196617336156,0.005434782608695676,-1,-1 0.26666666666666666,1.0,0.5,1.0 0.9690909090909091,1.0,1.0,1.0 0.25 1 44,2,1,1 
16-4 0.45309196617336156,0.005434782608695676,-1,-1 1.0,1.0,1.0,1.0 0.9690909090909091,1.0,1.0,1.0 0.25 1 44,2,1,1 
16-6 0.45309196617336156,0.005434782608695676,-1,-1 0.7333333333333333,1.0,0.5,1.0 0.9690909090909091,1.0,1.0,1.0 0.25 1 44,2,1,1 
16-7 0.45309196617336156,0.005434782608695676,-1,-1 0.8222222222222222,1.0,0.5,1.0 0.9690909090909091,1.0,1.0,1.0 0.25 1 44,2,1,1 
16-9 0.45309196617336156,0.005434782608695676,-1,-1 0.8,1.0,1.0,1.0 0.9690909090909091,1.0,1.0,1.0 0.25 1 44,2,1,1 
16-10 0.45309196617336156,0.005434782608695676,-1,-1 0.35555555555555557,1.0,0.5,1.0 0.9690909090909091,1.0,1.0,1.0 0.25 1 44,2,1,1 
16-12 0.45309196617336156,0.005434782608695676,-1,-1 0.8666666666666667,1.0,0.5,1.0 0.9690909090909091,1.0,1.0,1.0 0.25 1 44,2,1,1 
16-14 0.45309196617336156,0.005434782608695676,-1,-1 0.8666666666666667,1.0,0.5,1.0 0.9690909090909091,1.0,1.0,1.0 0.25 1 44,2,1,1 
16-16 0.45309196617336156,0.005434782608695676,-1,-1 1.0,1.0,1.0,1.0 0.9690909090909091,1.0,1.0,1.0 0.25 1 44,2,1,1 
16-17 0.45309196617336156,0.005434782608695676,-1,-1 1.0,1.0,1.0,1.0 0.9690909090909091,1.0,1.0,1.0 0.25 1 44,2,1,1 
16-21 0.45309196617336156,0.005434782608695676,-1,-1 0.8666666666666667,1.0,0.5,1.0 0.9690909090909091,1.0,1.0,1.0 0.25 1 44,2,1,1 
16-22 0.45309196617336156,0.005434782608695676,-1,-1 0.8666666666666667,1.0,0.5,1.0 0.9690909090909091,1.0,1.0,1.0 0.25 1 44,2,1,1 
16-23 0.45309196617336156,0.005434782608695676,-1,-1 0.9333333333333333,1.0,1.0,1.0 0.9690909090909091,1.0,1.0,1.0 0.25 1 44,2,1,1 
16-25 0.45309196617336156,0.005434782608695676,-1,-1 0.4888888888888889,1.0,0.5,1.0 0.9690909090909091,1.0,1.0,1.0 0.25 1 44,2,1,1 
16-27 0.45309196617336156,0.005434782608695676,-1,-1 1.0,1.0,1.0,1.0 0.9690909090909091,1.0,1.0,1.0 0.25 1 44,2,1,1 
16-29 0.45309196617336156,0.005434782608695676,-1,-1 1.0,1.0,1.0,1.0 0.9690909090909091,1.0,1.0,1.0 0.25 1 44,2,1,1 
16-31 0.45309196617336156,0.005434782608695676,-1,-1 1.0,1.0,1.0,1.0 0.9690909090909091,1.0,1.0,1.0 0.25 1 44,2,1,1 
16-49 0.45309196617336156,0.005434782608695676,-1,-1 1.0,1.0,1.0,1.0 0.9690909090909091,1.0,1.0,1.0 0.25 1 44,2,1,1 
16-51 0.45309196617336156,0.005434782608695676,-1,-1 1.0,1.0,1.0,1.0 0.9690909090909091,1.0,1.0,1.0 0.25 1 44,2,1,1 
16-53 0.45309196617336156,0.005434782608695676,-1,-1 1.0,1.0,1.0,1.0 0.9690909090909091,1.0,1.0,1.0 0.25 1 44,2,1,1 
16-58 0.45309196617336156,0.005434782608695676,-1,-1 1.0,1.0,1.0,1.0 0.9690909090909091,1.0,1.0,1.0 0.25 1 44,2,1,1 
16-59 0.45309196617336156,0.005434782608695676,-1,-1 1.0,1.0,1.0,1.0 0.9690909090909091,1.0,1.0,1.0 0.25 1 44,2,1,1 
16-60 0.45309196617336156,0.005434782608695676,-1,-1 1.0,1.0,1.0,1.0 0.9690909090909091,1.0,1.0,1.0 0.25 1 44,2,1,1 
16-61 0.45309196617336156,0.005434782608695676,-1,-1 1.0,1.0,1.0,1.0 0.9690909090909091,1.0,1.0,1.0 0.25 1 44,2,1,1 
16-62 0.45309196617336156,0.005434782608695676,-1,-1 1.0,1.0,1.0,1.0 0.9690909090909091,1.0,1.0,1.0 0.25 1 44,2,1,1 
16-63 0.45309196617336156,0.005434782608695676,-1,-1 1.0,1.0,1.0,1.0 0.9690909090909091,1.0,1.0,1.0 0.25 1 44,2,1,1 
16-64 0.45309196617336156,0.005434782608695676,-1,-1 1.0,1.0,1.0,1.0 0.9690909090909091,1.0,1.0,1.0 0.25 1 44,2,1,1 
16-66 0.45309196617336156,0.005434782608695676,-1,-1 0.3333333333333333,1.0,0.5,1.0 0.9690909090909091,1.0,1.0,1.0 0.25 1 44,2,1,1 
16-67 0.45309196617336156,0.005434782608695676,-1,-1 1.0,1.0,1.0,1.0 0.9690909090909091,1.0,1.0,1.0 0.25 1 44,2,1,1 
16-68 0.45309196617336156,0.005434782608695676,-1,-1 0.8,1.0,1.0,1.0 0.9690909090909091,1.0,1.0,1.0 0.25 1 44,2,1,1 
16-69 0.45309196617336156,0.005434782608695676,-1,-1 0.8666666666666667,1.0,1.0,1.0 0.9690909090909091,1.0,1.0,1.0 0.25 1 44,2,1,1 
17-1 -2 0.92 0.9716666666666667 1.0 -1 48 
17-2 -2 0.26 0.9716666666666667 1.0 -1 48 
17-4 -2 1.0 0.9716666666666667 1.0 -1 48 
17-6 -2 0.74 0.9716666666666667 1.0 -1 48 
17-7 -2 0.82 0.9716666666666667 1.0 -1 48 
17-9 -2 0.82 0.9716666666666667 1.0 -1 48 
17-10 -2 0.34 0.9716666666666667 1.0 -1 48 
17-12 -2 0.78 0.9716666666666667 1.0 -1 48 
17-14 -2 0.86 0.9716666666666667 1.0 -1 48 
17-16 -2 0.94 0.9716666666666667 1.0 -1 48 
17-17 -2 0.98 0.9716666666666667 1.0 -1 48 
17-21 -2 0.86 0.9716666666666667 1.0 -1 48 
17-22 -2 0.86 0.9716666666666667 1.0 -1 48 
17-23 -2 0.94 0.9716666666666667 1.0 -1 48 
17-25 -2 0.52 0.9716666666666667 1.0 -1 48 
17-27 -2 1.0 0.9716666666666667 1.0 -1 48 
17-29 -2 1.0 0.9716666666666667 1.0 -1 48 
17-31 -2 1.0 0.9716666666666667 1.0 -1 48 
17-49 -2 1.0 0.9716666666666667 1.0 -1 48 
17-51 -2 1.0 0.9716666666666667 1.0 -1 48 
17-53 -2 1.0 0.9716666666666667 1.0 -1 48 
17-58 -2 1.0 0.9716666666666667 1.0 -1 48 
17-59 -2 1.0 0.9716666666666667 1.0 -1 48 
17-60 -2 1.0 0.9716666666666667 1.0 -1 48 
17-61 -2 1.0 0.9716666666666667 1.0 -1 48 
17-62 -2 1.0 0.9716666666666667 1.0 -1 48 
17-63 -2 1.0 0.9716666666666667 1.0 -1 48 
17-64 -2 1.0 0.9716666666666667 1.0 -1 48 
17-66 -2 0.38 0.9716666666666667 1.0 -1 48 
17-67 -2 1.0 0.9716666666666667 1.0 -1 48 
17-68 -2 0.76 0.9716666666666667 1.0 -1 48 
17-69 -2 0.88 0.9716666666666667 1.0 -1 48 
21-1 0.9818840579710145,-1,-1 0.9166666666666666,1.0,1.0 0.9826086956521739,1.0,1.0 0.33333333333333337 1 46,1,1 
21-2 0.9818840579710145,-1,-1 0.22916666666666666,1.0,1.0 0.9826086956521739,1.0,1.0 0.33333333333333337 1 46,1,1 
21-4 0.9818840579710145,-1,-1 1.0,1.0,1.0 0.9826086956521739,1.0,1.0 0.33333333333333337 1 46,1,1 
21-6 0.9818840579710145,-1,-1 0.7708333333333334,1.0,1.0 0.9826086956521739,1.0,1.0 0.33333333333333337 1 46,1,1 
21-7 0.9818840579710145,-1,-1 0.8541666666666666,1.0,1.0 0.9826086956521739,1.0,1.0 0.33333333333333337 1 46,1,1 
21-9 0.9818840579710145,-1,-1 0.8541666666666666,1.0,1.0 0.9826086956521739,1.0,1.0 0.33333333333333337 1 46,1,1 
21-10 0.9818840579710145,-1,-1 0.3541666666666667,1.0,1.0 0.9826086956521739,1.0,1.0 0.33333333333333337 1 46,1,1 
21-12 0.9818840579710145,-1,-1 0.8125,1.0,1.0 0.9826086956521739,1.0,1.0 0.33333333333333337 1 46,1,1 
21-14 0.9818840579710145,-1,-1 0.8958333333333334,1.0,1.0 0.9826086956521739,1.0,1.0 0.33333333333333337 1 46,1,1 
21-16 0.9818840579710145,-1,-1 0.9375,1.0,1.0 0.9826086956521739,1.0,1.0 0.33333333333333337 1 46,1,1 
21-17 0.9818840579710145,-1,-1 0.9791666666666666,1.0,1.0 0.9826086956521739,1.0,1.0 0.33333333333333337 1 46,1,1 
21-21 0.9818840579710145,-1,-1 0.8958333333333334,1.0,1.0 0.9826086956521739,1.0,1.0 0.33333333333333337 1 46,1,1 
21-22 0.9818840579710145,-1,-1 0.8958333333333334,1.0,1.0 0.9826086956521739,1.0,1.0 0.33333333333333337 1 46,1,1 
21-23 0.9818840579710145,-1,-1 0.9583333333333334,1.0,1.0 0.9826086956521739,1.0,1.0 0.33333333333333337 1 46,1,1 
21-25 0.9818840579710145,-1,-1 0.5416666666666666,1.0,1.0 0.9826086956521739,1.0,1.0 0.33333333333333337 1 46,1,1 
21-27 0.9818840579710145,-1,-1 1.0,1.0,1.0 0.9826086956521739,1.0,1.0 0.33333333333333337 1 46,1,1 
21-29 0.9818840579710145,-1,-1 1.0,1.0,1.0 0.9826086956521739,1.0,1.0 0.33333333333333337 1 46,1,1 
21-31 0.9818840579710145,-1,-1 1.0,1.0,1.0 0.9826086956521739,1.0,1.0 0.33333333333333337 1 46,1,1 
21-49 0.9818840579710145,-1,-1 1.0,1.0,1.0 0.9826086956521739,1.0,1.0 0.33333333333333337 1 46,1,1 
21-51 0.9818840579710145,-1,-1 1.0,1.0,1.0 0.9826086956521739,1.0,1.0 0.33333333333333337 1 46,1,1 
21-53 0.9818840579710145,-1,-1 1.0,1.0,1.0 0.9826086956521739,1.0,1.0 0.33333333333333337 1 46,1,1 
21-58 0.9818840579710145,-1,-1 1.0,1.0,1.0 0.9826086956521739,1.0,1.0 0.33333333333333337 1 46,1,1 
21-59 0.9818840579710145,-1,-1 1.0,1.0,1.0 0.9826086956521739,1.0,1.0 0.33333333333333337 1 46,1,1 
21-60 0.9818840579710145,-1,-1 1.0,1.0,1.0 0.9826086956521739,1.0,1.0 0.33333333333333337 1 46,1,1 
21-61 0.9818840579710145,-1,-1 1.0,1.0,1.0 0.9826086956521739,1.0,1.0 0.33333333333333337 1 46,1,1 
21-62 0.9818840579710145,-1,-1 1.0,1.0,1.0 0.9826086956521739,1.0,1.0 0.33333333333333337 1 46,1,1 
21-63 0.9818840579710145,-1,-1 1.0,1.0,1.0 0.9826086956521739,1.0,1.0 0.33333333333333337 1 46,1,1 
21-64 0.9818840579710145,-1,-1 1.0,1.0,1.0 0.9826086956521739,1.0,1.0 0.33333333333333337 1 46,1,1 
21-66 0.9818840579710145,-1,-1 0.3541666666666667,1.0,1.0 0.9826086956521739,1.0,1.0 0.33333333333333337 1 46,1,1 
21-67 0.9818840579710145,-1,-1 1.0,1.0,1.0 0.9826086956521739,1.0,1.0 0.33333333333333337 1 46,1,1 
21-68 0.9818840579710145,-1,-1 0.75,1.0,1.0 0.9826086956521739,1.0,1.0 0.33333333333333337 1 46,1,1 
21-69 0.9818840579710145,-1,-1 0.875,1.0,1.0 0.9826086956521739,1.0,1.0 0.33333333333333337 1 46,1,1 
22-1 0.9818840579710145,0.010869565217391353 0.9166666666666666,1.0 0.9826086956521739,1.0 0.5 1 46,2 
22-2 0.9818840579710145,0.010869565217391353 0.22916666666666666,1.0 0.9826086956521739,1.0 0.5 1 46,2 
22-4 0.9818840579710145,0.010869565217391353 1.0,1.0 0.9826086956521739,1.0 0.5 1 46,2 
22-6 0.9818840579710145,0.010869565217391353 0.7708333333333334,1.0 0.9826086956521739,1.0 0.5 1 46,2 
22-7 0.9818840579710145,0.010869565217391353 0.8541666666666666,1.0 0.9826086956521739,1.0 0.5 1 46,2 
22-9 0.9818840579710145,0.010869565217391353 0.8541666666666666,1.0 0.9826086956521739,1.0 0.5 1 46,2 
22-10 0.9818840579710145,0.010869565217391353 0.3541666666666667,1.0 0.9826086956521739,1.0 0.5 1 46,2 
22-12 0.9818840579710145,0.010869565217391353 0.8125,1.0 0.9826086956521739,1.0 0.5 1 46,2 
22-14 0.9818840579710145,0.010869565217391353 0.8958333333333334,0.5 0.9826086956521739,1.0 0.5 1 46,2 
22-16 0.9818840579710145,0.010869565217391353 0.9375,1.0 0.9826086956521739,1.0 0.5 1 46,2 
22-17 0.9818840579710145,0.010869565217391353 0.9791666666666666,1.0 0.9826086956521739,1.0 0.5 1 46,2 
22-21 0.9818840579710145,0.010869565217391353 0.8958333333333334,0.5 0.9826086956521739,1.0 0.5 1 46,2 
22-22 0.9818840579710145,0.010869565217391353 0.8958333333333334,1.0 0.9826086956521739,1.0 0.5 1 46,2 
22-23 0.9818840579710145,0.010869565217391353 0.9583333333333334,0.5 0.9826086956521739,1.0 0.5 1 46,2 
22-25 0.9818840579710145,0.010869565217391353 0.5416666666666666,1.0 0.9826086956521739,1.0 0.5 1 46,2 
22-27 0.9818840579710145,0.010869565217391353 1.0,1.0 0.9826086956521739,1.0 0.5 1 46,2 
22-29 0.9818840579710145,0.010869565217391353 1.0,1.0 0.9826086956521739,1.0 0.5 1 46,2 
22-31 0.9818840579710145,0.010869565217391353 1.0,1.0 0.9826086956521739,1.0 0.5 1 46,2 
22-49 0.9818840579710145,0.010869565217391353 1.0,1.0 0.9826086956521739,1.0 0.5 1 46,2 
22-51 0.9818840579710145,0.010869565217391353 1.0,1.0 0.9826086956521739,1.0 0.5 1 46,2 
22-53 0.9818840579710145,0.010869565217391353 1.0,1.0 0.9826086956521739,1.0 0.5 1 46,2 
22-58 0.9818840579710145,0.010869565217391353 1.0,1.0 0.9826086956521739,1.0 0.5 1 46,2 
22-59 0.9818840579710145,0.010869565217391353 1.0,1.0 0.9826086956521739,1.0 0.5 1 46,2 
22-60 0.9818840579710145,0.010869565217391353 1.0,1.0 0.9826086956521739,1.0 0.5 1 46,2 
22-61 0.9818840579710145,0.010869565217391353 1.0,1.0 0.9826086956521739,1.0 0.5 1 46,2 
22-62 0.9818840579710145,0.010869565217391353 1.0,1.0 0.9826086956521739,1.0 0.5 1 46,2 
22-63 0.9818840579710145,0.010869565217391353 1.0,1.0 0.9826086956521739,1.0 0.5 1 46,2 
22-64 0.9818840579710145,0.010869565217391353 1.0,1.0 0.9826086956521739,1.0 0.5 1 46,2 
22-66 0.9818840579710145,0.010869565217391353 0.3541666666666667,1.0 0.9826086956521739,1.0 0.5 1 46,2 
22-67 0.9818840579710145,0.010869565217391353 1.0,1.0 0.9826086956521739,1.0 0.5 1 46,2 
22-68 0.9818840579710145,0.010869565217391353 0.75,1.0 0.9826086956521739,1.0 0.5 1 46,2 
22-69 0.9818840579710145,0.010869565217391353 0.875,1.0 0.9826086956521739,1.0 0.5 1 46,2 
23-1 0.954209065679926,-1 0.9183673469387755,1.0 0.9770212765957447,1.0 0.5 1 47,1 
23-2 0.954209065679926,-1 0.24489795918367346,1.0 0.9770212765957447,1.0 0.5 1 47,1 
23-4 0.954209065679926,-1 1.0,1.0 0.9770212765957447,1.0 0.5 1 47,1 
23-6 0.954209065679926,-1 0.7551020408163265,1.0 0.9770212765957447,1.0 0.5 1 47,1 
23-7 0.954209065679926,-1 0.8367346938775511,1.0 0.9770212765957447,1.0 0.5 1 47,1 
23-9 0.954209065679926,-1 0.8367346938775511,1.0 0.9770212765957447,1.0 0.5 1 47,1 
23-10 0.954209065679926,-1 0.3469387755102041,1.0 0.9770212765957447,1.0 0.5 1 47,1 
23-12 0.954209065679926,-1 0.7959183673469388,1.0 0.9770212765957447,1.0 0.5 1 47,1 
23-14 0.954209065679926,-1 0.8775510204081632,1.0 0.9770212765957447,1.0 0.5 1 47,1 
23-16 0.954209065679926,-1 0.9387755102040817,1.0 0.9770212765957447,1.0 0.5 1 47,1 
23-17 0.954209065679926,-1 0.9795918367346939,1.0 0.9770212765957447,1.0 0.5 1 47,1 
23-21 0.954209065679926,-1 0.8775510204081632,1.0 0.9770212765957447,1.0 0.5 1 47,1 
23-22 0.954209065679926,-1 0.8775510204081632,1.0 0.9770212765957447,1.0 0.5 1 47,1 
23-23 0.954209065679926,-1 0.9591836734693877,1.0 0.9770212765957447,1.0 0.5 1 47,1 
23-25 0.954209065679926,-1 0.5306122448979592,1.0 0.9770212765957447,1.0 0.5 1 47,1 
23-27 0.954209065679926,-1 1.0,1.0 0.9770212765957447,1.0 0.5 1 47,1 
23-29 0.954209065679926,-1 1.0,1.0 0.9770212765957447,1.0 0.5 1 47,1 
23-31 0.954209065679926,-1 1.0,1.0 0.9770212765957447,1.0 0.5 1 47,1 
23-49 0.954209065679926,-1 1.0,1.0 0.9770212765957447,1.0 0.5 1 47,1 
23-51 0.954209065679926,-1 1.0,1.0 0.9770212765957447,1.0 0.5 1 47,1 
23-53 0.954209065679926,-1 1.0,1.0 0.9770212765957447,1.0 0.5 1 47,1 
23-58 0.954209065679926,-1 1.0,1.0 0.9770212765957447,1.0 0.5 1 47,1 
23-59 0.954209065679926,-1 1.0,1.0 0.9770212765957447,1.0 0.5 1 47,1 
23-60 0.954209065679926,-1 1.0,1.0 0.9770212765957447,1.0 0.5 1 47,1 
23-61 0.954209065679926,-1 1.0,1.0 0.9770212765957447,1.0 0.5 1 47,1 
23-62 0.954209065679926,-1 1.0,1.0 0.9770212765957447,1.0 0.5 1 47,1 
23-63 0.954209065679926,-1 1.0,1.0 0.9770212765957447,1.0 0.5 1 47,1 
23-64 0.954209065679926,-1 1.0,1.0 0.9770212765957447,1.0 0.5 1 47,1 
23-66 0.954209065679926,-1 0.3673469387755102,1.0 0.9770212765957447,1.0 0.5 1 47,1 
23-67 0.954209065679926,-1 1.0,1.0 0.9770212765957447,1.0 0.5 1 47,1 
23-68 0.954209065679926,-1 0.7551020408163265,1.0 0.9770212765957447,1.0 0.5 1 47,1 
23-69 0.954209065679926,-1 0.8775510204081632,1.0 0.9770212765957447,1.0 0.5 1 47,1 
25-1 0.40909090909090906,0.5333333333333333,0.5687830687830688 1.0,0.875,0.9333333333333333 0.86,0.99,0.9771428571428571 1.0 1 4,16,28 
25-2 0.40909090909090906,0.5333333333333333,0.5687830687830688 0.5,0.25,0.26666666666666666 0.86,0.99,0.9771428571428571 1.0 1 4,16,28 
25-4 0.40909090909090906,0.5333333333333333,0.5687830687830688 1.0,1.0,1.0 0.86,0.99,0.9771428571428571 1.0 1 4,16,28 
25-6 0.40909090909090906,0.5333333333333333,0.5687830687830688 0.5,0.75,0.7666666666666667 0.86,0.99,0.9771428571428571 1.0 1 4,16,28 
25-7 0.40909090909090906,0.5333333333333333,0.5687830687830688 0.5,0.8125,0.8666666666666667 0.86,0.99,0.9771428571428571 1.0 1 4,16,28 
25-9 0.40909090909090906,0.5333333333333333,0.5687830687830688 0.5,0.75,0.9 0.86,0.99,0.9771428571428571 1.0 1 4,16,28 
25-10 0.40909090909090906,0.5333333333333333,0.5687830687830688 0.5,0.25,0.5 0.86,0.99,0.9771428571428571 1.0 1 4,16,28 
25-12 0.40909090909090906,0.5333333333333333,0.5687830687830688 0.5,0.875,0.8 0.86,0.99,0.9771428571428571 1.0 1 4,16,28 
25-14 0.40909090909090906,0.5333333333333333,0.5687830687830688 0.5,1.0,0.8333333333333334 0.86,0.99,0.9771428571428571 1.0 1 4,16,28 
25-16 0.40909090909090906,0.5333333333333333,0.5687830687830688 1.0,1.0,0.9 0.86,0.99,0.9771428571428571 1.0 1 4,16,28 
25-17 0.40909090909090906,0.5333333333333333,0.5687830687830688 1.0,1.0,0.9666666666666667 0.86,0.99,0.9771428571428571 1.0 1 4,16,28 
25-21 0.40909090909090906,0.5333333333333333,0.5687830687830688 0.5,1.0,0.8333333333333334 0.86,0.99,0.9771428571428571 1.0 1 4,16,28 
25-22 0.40909090909090906,0.5333333333333333,0.5687830687830688 0.5,1.0,0.8333333333333334 0.86,0.99,0.9771428571428571 1.0 1 4,16,28 
25-23 0.40909090909090906,0.5333333333333333,0.5687830687830688 0.75,1.0,0.9333333333333333 0.86,0.99,0.9771428571428571 1.0 1 4,16,28 
25-25 0.40909090909090906,0.5333333333333333,0.5687830687830688 0.5,1.0,0.8333333333333334 0.86,0.99,0.9771428571428571 1.0 1 4,16,28 
25-27 0.40909090909090906,0.5333333333333333,0.5687830687830688 1.0,1.0,1.0 0.86,0.99,0.9771428571428571 1.0 1 4,16,28 
25-29 0.40909090909090906,0.5333333333333333,0.5687830687830688 1.0,1.0,1.0 0.86,0.99,0.9771428571428571 1.0 1 4,16,28 
25-31 0.40909090909090906,0.5333333333333333,0.5687830687830688 1.0,1.0,1.0 0.86,0.99,0.9771428571428571 1.0 1 4,16,28 
25-49 0.40909090909090906,0.5333333333333333,0.5687830687830688 1.0,1.0,1.0 0.86,0.99,0.9771428571428571 1.0 1 4,16,28 
25-51 0.40909090909090906,0.5333333333333333,0.5687830687830688 1.0,1.0,1.0 0.86,0.99,0.9771428571428571 1.0 1 4,16,28 
25-53 0.40909090909090906,0.5333333333333333,0.5687830687830688 1.0,1.0,1.0 0.86,0.99,0.9771428571428571 1.0 1 4,16,28 
25-58 0.40909090909090906,0.5333333333333333,0.5687830687830688 1.0,1.0,1.0 0.86,0.99,0.9771428571428571 1.0 1 4,16,28 
25-59 0.40909090909090906,0.5333333333333333,0.5687830687830688 1.0,1.0,1.0 0.86,0.99,0.9771428571428571 1.0 1 4,16,28 
25-60 0.40909090909090906,0.5333333333333333,0.5687830687830688 1.0,1.0,1.0 0.86,0.99,0.9771428571428571 1.0 1 4,16,28 
25-61 0.40909090909090906,0.5333333333333333,0.5687830687830688 1.0,1.0,1.0 0.86,0.99,0.9771428571428571 1.0 1 4,16,28 
25-62 0.40909090909090906,0.5333333333333333,0.5687830687830688 1.0,1.0,1.0 0.86,0.99,0.9771428571428571 1.0 1 4,16,28 
25-63 0.40909090909090906,0.5333333333333333,0.5687830687830688 1.0,1.0,1.0 0.86,0.99,0.9771428571428571 1.0 1 4,16,28 
25-64 0.40909090909090906,0.5333333333333333,0.5687830687830688 1.0,1.0,1.0 0.86,0.99,0.9771428571428571 1.0 1 4,16,28 
25-66 0.40909090909090906,0.5333333333333333,0.5687830687830688 0.5,0.375,0.36666666666666664 0.86,0.99,0.9771428571428571 1.0 1 4,16,28 
25-67 0.40909090909090906,0.5333333333333333,0.5687830687830688 1.0,1.0,1.0 0.86,0.99,0.9771428571428571 1.0 1 4,16,28 
25-68 0.40909090909090906,0.5333333333333333,0.5687830687830688 0.5,0.75,0.8 0.86,0.99,0.9771428571428571 1.0 1 4,16,28 
25-69 0.40909090909090906,0.5333333333333333,0.5687830687830688 1.0,1.0,0.8 0.86,0.99,0.9771428571428571 1.0 1 4,16,28 
27-1 -2 0.92 0.9716666666666667 1.0 -1 48 
27-2 -2 0.26 0.9716666666666667 1.0 -1 48 
27-4 -2 1.0 0.9716666666666667 1.0 -1 48 
27-6 -2 0.74 0.9716666666666667 1.0 -1 48 
27-7 -2 0.82 0.9716666666666667 1.0 -1 48 
27-9 -2 0.82 0.9716666666666667 1.0 -1 48 
27-10 -2 0.34 0.9716666666666667 1.0 -1 48 
27-12 -2 0.78 0.9716666666666667 1.0 -1 48 
27-14 -2 0.86 0.9716666666666667 1.0 -1 48 
27-16 -2 0.94 0.9716666666666667 1.0 -1 48 
27-17 -2 0.98 0.9716666666666667 1.0 -1 48 
27-21 -2 0.86 0.9716666666666667 1.0 -1 48 
27-22 -2 0.86 0.9716666666666667 1.0 -1 48 
27-23 -2 0.94 0.9716666666666667 1.0 -1 48 
27-25 -2 0.52 0.9716666666666667 1.0 -1 48 
27-27 -2 1.0 0.9716666666666667 1.0 -1 48 
27-29 -2 1.0 0.9716666666666667 1.0 -1 48 
27-31 -2 1.0 0.9716666666666667 1.0 -1 48 
27-49 -2 1.0 0.9716666666666667 1.0 -1 48 
27-51 -2 1.0 0.9716666666666667 1.0 -1 48 
27-53 -2 1.0 0.9716666666666667 1.0 -1 48 
27-58 -2 1.0 0.9716666666666667 1.0 -1 48 
27-59 -2 1.0 0.9716666666666667 1.0 -1 48 
27-60 -2 1.0 0.9716666666666667 1.0 -1 48 
27-61 -2 1.0 0.9716666666666667 1.0 -1 48 
27-62 -2 1.0 0.9716666666666667 1.0 -1 48 
27-63 -2 1.0 0.9716666666666667 1.0 -1 48 
27-64 -2 1.0 0.9716666666666667 1.0 -1 48 
27-66 -2 0.38 0.9716666666666667 1.0 -1 48 
27-67 -2 1.0 0.9716666666666667 1.0 -1 48 
27-68 -2 0.76 0.9716666666666667 1.0 -1 48 
27-69 -2 0.88 0.9716666666666667 1.0 -1 48 
29-1 -2 0.92 0.9716666666666667 1.0 -1 48 
29-2 -2 0.26 0.9716666666666667 1.0 -1 48 
29-4 -2 1.0 0.9716666666666667 1.0 -1 48 
29-6 -2 0.74 0.9716666666666667 1.0 -1 48 
29-7 -2 0.82 0.9716666666666667 1.0 -1 48 
29-9 -2 0.82 0.9716666666666667 1.0 -1 48 
29-10 -2 0.34 0.9716666666666667 1.0 -1 48 
29-12 -2 0.78 0.9716666666666667 1.0 -1 48 
29-14 -2 0.86 0.9716666666666667 1.0 -1 48 
29-16 -2 0.94 0.9716666666666667 1.0 -1 48 
29-17 -2 0.98 0.9716666666666667 1.0 -1 48 
29-21 -2 0.86 0.9716666666666667 1.0 -1 48 
29-22 -2 0.86 0.9716666666666667 1.0 -1 48 
29-23 -2 0.94 0.9716666666666667 1.0 -1 48 
29-25 -2 0.52 0.9716666666666667 1.0 -1 48 
29-27 -2 1.0 0.9716666666666667 1.0 -1 48 
29-29 -2 1.0 0.9716666666666667 1.0 -1 48 
29-31 -2 1.0 0.9716666666666667 1.0 -1 48 
29-49 -2 1.0 0.9716666666666667 1.0 -1 48 
29-51 -2 1.0 0.9716666666666667 1.0 -1 48 
29-53 -2 1.0 0.9716666666666667 1.0 -1 48 
29-58 -2 1.0 0.9716666666666667 1.0 -1 48 
29-59 -2 1.0 0.9716666666666667 1.0 -1 48 
29-60 -2 1.0 0.9716666666666667 1.0 -1 48 
29-61 -2 1.0 0.9716666666666667 1.0 -1 48 
29-62 -2 1.0 0.9716666666666667 1.0 -1 48 
29-63 -2 1.0 0.9716666666666667 1.0 -1 48 
29-64 -2 1.0 0.9716666666666667 1.0 -1 48 
29-66 -2 0.38 0.9716666666666667 1.0 -1 48 
29-67 -2 1.0 0.9716666666666667 1.0 -1 48 
29-68 -2 0.76 0.9716666666666667 1.0 -1 48 
29-69 -2 0.88 0.9716666666666667 1.0 -1 48 
31-1 -2 0.92 0.9716666666666667 1.0 -1 48 
31-2 -2 0.26 0.9716666666666667 1.0 -1 48 
31-4 -2 1.0 0.9716666666666667 1.0 -1 48 
31-6 -2 0.74 0.9716666666666667 1.0 -1 48 
31-7 -2 0.82 0.9716666666666667 1.0 -1 48 
31-9 -2 0.82 0.9716666666666667 1.0 -1 48 
31-10 -2 0.34 0.9716666666666667 1.0 -1 48 
31-12 -2 0.78 0.9716666666666667 1.0 -1 48 
31-14 -2 0.86 0.9716666666666667 1.0 -1 48 
31-16 -2 0.94 0.9716666666666667 1.0 -1 48 
31-17 -2 0.98 0.9716666666666667 1.0 -1 48 
31-21 -2 0.86 0.9716666666666667 1.0 -1 48 
31-22 -2 0.86 0.9716666666666667 1.0 -1 48 
31-23 -2 0.94 0.9716666666666667 1.0 -1 48 
31-25 -2 0.52 0.9716666666666667 1.0 -1 48 
31-27 -2 1.0 0.9716666666666667 1.0 -1 48 
31-29 -2 1.0 0.9716666666666667 1.0 -1 48 
31-31 -2 1.0 0.9716666666666667 1.0 -1 48 
31-49 -2 1.0 0.9716666666666667 1.0 -1 48 
31-51 -2 1.0 0.9716666666666667 1.0 -1 48 
31-53 -2 1.0 0.9716666666666667 1.0 -1 48 
31-58 -2 1.0 0.9716666666666667 1.0 -1 48 
31-59 -2 1.0 0.9716666666666667 1.0 -1 48 
31-60 -2 1.0 0.9716666666666667 1.0 -1 48 
31-61 -2 1.0 0.9716666666666667 1.0 -1 48 
31-62 -2 1.0 0.9716666666666667 1.0 -1 48 
31-63 -2 1.0 0.9716666666666667 1.0 -1 48 
31-64 -2 1.0 0.9716666666666667 1.0 -1 48 
31-66 -2 0.38 0.9716666666666667 1.0 -1 48 
31-67 -2 1.0 0.9716666666666667 1.0 -1 48 
31-68 -2 0.76 0.9716666666666667 1.0 -1 48 
31-69 -2 0.88 0.9716666666666667 1.0 -1 48 
49-1 -2 0.92 0.9716666666666667 1.0 -1 48 
49-2 -2 0.26 0.9716666666666667 1.0 -1 48 
49-4 -2 1.0 0.9716666666666667 1.0 -1 48 
49-6 -2 0.74 0.9716666666666667 1.0 -1 48 
49-7 -2 0.82 0.9716666666666667 1.0 -1 48 
49-9 -2 0.82 0.9716666666666667 1.0 -1 48 
49-10 -2 0.34 0.9716666666666667 1.0 -1 48 
49-12 -2 0.78 0.9716666666666667 1.0 -1 48 
49-14 -2 0.86 0.9716666666666667 1.0 -1 48 
49-16 -2 0.94 0.9716666666666667 1.0 -1 48 
49-17 -2 0.98 0.9716666666666667 1.0 -1 48 
49-21 -2 0.86 0.9716666666666667 1.0 -1 48 
49-22 -2 0.86 0.9716666666666667 1.0 -1 48 
49-23 -2 0.94 0.9716666666666667 1.0 -1 48 
49-25 -2 0.52 0.9716666666666667 1.0 -1 48 
49-27 -2 1.0 0.9716666666666667 1.0 -1 48 
49-29 -2 1.0 0.9716666666666667 1.0 -1 48 
49-31 -2 1.0 0.9716666666666667 1.0 -1 48 
49-49 -2 1.0 0.9716666666666667 1.0 -1 48 
49-51 -2 1.0 0.9716666666666667 1.0 -1 48 
49-53 -2 1.0 0.9716666666666667 1.0 -1 48 
49-58 -2 1.0 0.9716666666666667 1.0 -1 48 
49-59 -2 1.0 0.9716666666666667 1.0 -1 48 
49-60 -2 1.0 0.9716666666666667 1.0 -1 48 
49-61 -2 1.0 0.9716666666666667 1.0 -1 48 
49-62 -2 1.0 0.9716666666666667 1.0 -1 48 
49-63 -2 1.0 0.9716666666666667 1.0 -1 48 
49-64 -2 1.0 0.9716666666666667 1.0 -1 48 
49-66 -2 0.38 0.9716666666666667 1.0 -1 48 
49-67 -2 1.0 0.9716666666666667 1.0 -1 48 
49-68 -2 0.76 0.9716666666666667 1.0 -1 48 
49-69 -2 0.88 0.9716666666666667 1.0 -1 48 
51-1 -2 0.92 0.9716666666666667 1.0 -1 48 
51-2 -2 0.26 0.9716666666666667 1.0 -1 48 
51-4 -2 1.0 0.9716666666666667 1.0 -1 48 
51-6 -2 0.74 0.9716666666666667 1.0 -1 48 
51-7 -2 0.82 0.9716666666666667 1.0 -1 48 
51-9 -2 0.82 0.9716666666666667 1.0 -1 48 
51-10 -2 0.34 0.9716666666666667 1.0 -1 48 
51-12 -2 0.78 0.9716666666666667 1.0 -1 48 
51-14 -2 0.86 0.9716666666666667 1.0 -1 48 
51-16 -2 0.94 0.9716666666666667 1.0 -1 48 
51-17 -2 0.98 0.9716666666666667 1.0 -1 48 
51-21 -2 0.86 0.9716666666666667 1.0 -1 48 
51-22 -2 0.86 0.9716666666666667 1.0 -1 48 
51-23 -2 0.94 0.9716666666666667 1.0 -1 48 
51-25 -2 0.52 0.9716666666666667 1.0 -1 48 
51-27 -2 1.0 0.9716666666666667 1.0 -1 48 
51-29 -2 1.0 0.9716666666666667 1.0 -1 48 
51-31 -2 1.0 0.9716666666666667 1.0 -1 48 
51-49 -2 1.0 0.9716666666666667 1.0 -1 48 
51-51 -2 1.0 0.9716666666666667 1.0 -1 48 
51-53 -2 1.0 0.9716666666666667 1.0 -1 48 
51-58 -2 1.0 0.9716666666666667 1.0 -1 48 
51-59 -2 1.0 0.9716666666666667 1.0 -1 48 
51-60 -2 1.0 0.9716666666666667 1.0 -1 48 
51-61 -2 1.0 0.9716666666666667 1.0 -1 48 
51-62 -2 1.0 0.9716666666666667 1.0 -1 48 
51-63 -2 1.0 0.9716666666666667 1.0 -1 48 
51-64 -2 1.0 0.9716666666666667 1.0 -1 48 
51-66 -2 0.38 0.9716666666666667 1.0 -1 48 
51-67 -2 1.0 0.9716666666666667 1.0 -1 48 
51-68 -2 0.76 0.9716666666666667 1.0 -1 48 
51-69 -2 0.88 0.9716666666666667 1.0 -1 48 
53-1 -2 0.92 0.9716666666666667 1.0 -1 48 
53-2 -2 0.26 0.9716666666666667 1.0 -1 48 
53-4 -2 1.0 0.9716666666666667 1.0 -1 48 
53-6 -2 0.74 0.9716666666666667 1.0 -1 48 
53-7 -2 0.82 0.9716666666666667 1.0 -1 48 
53-9 -2 0.82 0.9716666666666667 1.0 -1 48 
53-10 -2 0.34 0.9716666666666667 1.0 -1 48 
53-12 -2 0.78 0.9716666666666667 1.0 -1 48 
53-14 -2 0.86 0.9716666666666667 1.0 -1 48 
53-16 -2 0.94 0.9716666666666667 1.0 -1 48 
53-17 -2 0.98 0.9716666666666667 1.0 -1 48 
53-21 -2 0.86 0.9716666666666667 1.0 -1 48 
53-22 -2 0.86 0.9716666666666667 1.0 -1 48 
53-23 -2 0.94 0.9716666666666667 1.0 -1 48 
53-25 -2 0.52 0.9716666666666667 1.0 -1 48 
53-27 -2 1.0 0.9716666666666667 1.0 -1 48 
53-29 -2 1.0 0.9716666666666667 1.0 -1 48 
53-31 -2 1.0 0.9716666666666667 1.0 -1 48 
53-49 -2 1.0 0.9716666666666667 1.0 -1 48 
53-51 -2 1.0 0.9716666666666667 1.0 -1 48 
53-53 -2 1.0 0.9716666666666667 1.0 -1 48 
53-58 -2 1.0 0.9716666666666667 1.0 -1 48 
53-59 -2 1.0 0.9716666666666667 1.0 -1 48 
53-60 -2 1.0 0.9716666666666667 1.0 -1 48 
53-61 -2 1.0 0.9716666666666667 1.0 -1 48 
53-62 -2 1.0 0.9716666666666667 1.0 -1 48 
53-63 -2 1.0 0.9716666666666667 1.0 -1 48 
53-64 -2 1.0 0.9716666666666667 1.0 -1 48 
53-66 -2 0.38 0.9716666666666667 1.0 -1 48 
53-67 -2 1.0 0.9716666666666667 1.0 -1 48 
53-68 -2 0.76 0.9716666666666667 1.0 -1 48 
53-69 -2 0.88 0.9716666666666667 1.0 -1 48 
58-1 -2 0.92 0.9716666666666667 1.0 -1 48 
58-2 -2 0.26 0.9716666666666667 1.0 -1 48 
58-4 -2 1.0 0.9716666666666667 1.0 -1 48 
58-6 -2 0.74 0.9716666666666667 1.0 -1 48 
58-7 -2 0.82 0.9716666666666667 1.0 -1 48 
58-9 -2 0.82 0.9716666666666667 1.0 -1 48 
58-10 -2 0.34 0.9716666666666667 1.0 -1 48 
58-12 -2 0.78 0.9716666666666667 1.0 -1 48 
58-14 -2 0.86 0.9716666666666667 1.0 -1 48 
58-16 -2 0.94 0.9716666666666667 1.0 -1 48 
58-17 -2 0.98 0.9716666666666667 1.0 -1 48 
58-21 -2 0.86 0.9716666666666667 1.0 -1 48 
58-22 -2 0.86 0.9716666666666667 1.0 -1 48 
58-23 -2 0.94 0.9716666666666667 1.0 -1 48 
58-25 -2 0.52 0.9716666666666667 1.0 -1 48 
58-27 -2 1.0 0.9716666666666667 1.0 -1 48 
58-29 -2 1.0 0.9716666666666667 1.0 -1 48 
58-31 -2 1.0 0.9716666666666667 1.0 -1 48 
58-49 -2 1.0 0.9716666666666667 1.0 -1 48 
58-51 -2 1.0 0.9716666666666667 1.0 -1 48 
58-53 -2 1.0 0.9716666666666667 1.0 -1 48 
58-58 -2 1.0 0.9716666666666667 1.0 -1 48 
58-59 -2 1.0 0.9716666666666667 1.0 -1 48 
58-60 -2 1.0 0.9716666666666667 1.0 -1 48 
58-61 -2 1.0 0.9716666666666667 1.0 -1 48 
58-62 -2 1.0 0.9716666666666667 1.0 -1 48 
58-63 -2 1.0 0.9716666666666667 1.0 -1 48 
58-64 -2 1.0 0.9716666666666667 1.0 -1 48 
58-66 -2 0.38 0.9716666666666667 1.0 -1 48 
58-67 -2 1.0 0.9716666666666667 1.0 -1 48 
58-68 -2 0.76 0.9716666666666667 1.0 -1 48 
58-69 -2 0.88 0.9716666666666667 1.0 -1 48 
59-1 -2 0.92 0.9716666666666667 1.0 -1 48 
59-2 -2 0.26 0.9716666666666667 1.0 -1 48 
59-4 -2 1.0 0.9716666666666667 1.0 -1 48 
59-6 -2 0.74 0.9716666666666667 1.0 -1 48 
59-7 -2 0.82 0.9716666666666667 1.0 -1 48 
59-9 -2 0.82 0.9716666666666667 1.0 -1 48 
59-10 -2 0.34 0.9716666666666667 1.0 -1 48 
59-12 -2 0.78 0.9716666666666667 1.0 -1 48 
59-14 -2 0.86 0.9716666666666667 1.0 -1 48 
59-16 -2 0.94 0.9716666666666667 1.0 -1 48 
59-17 -2 0.98 0.9716666666666667 1.0 -1 48 
59-21 -2 0.86 0.9716666666666667 1.0 -1 48 
59-22 -2 0.86 0.9716666666666667 1.0 -1 48 
59-23 -2 0.94 0.9716666666666667 1.0 -1 48 
59-25 -2 0.52 0.9716666666666667 1.0 -1 48 
59-27 -2 1.0 0.9716666666666667 1.0 -1 48 
59-29 -2 1.0 0.9716666666666667 1.0 -1 48 
59-31 -2 1.0 0.9716666666666667 1.0 -1 48 
59-49 -2 1.0 0.9716666666666667 1.0 -1 48 
59-51 -2 1.0 0.9716666666666667 1.0 -1 48 
59-53 -2 1.0 0.9716666666666667 1.0 -1 48 
59-58 -2 1.0 0.9716666666666667 1.0 -1 48 
59-59 -2 1.0 0.9716666666666667 1.0 -1 48 
59-60 -2 1.0 0.9716666666666667 1.0 -1 48 
59-61 -2 1.0 0.9716666666666667 1.0 -1 48 
59-62 -2 1.0 0.9716666666666667 1.0 -1 48 
59-63 -2 1.0 0.9716666666666667 1.0 -1 48 
59-64 -2 1.0 0.9716666666666667 1.0 -1 48 
59-66 -2 0.38 0.9716666666666667 1.0 -1 48 
59-67 -2 1.0 0.9716666666666667 1.0 -1 48 
59-68 -2 0.76 0.9716666666666667 1.0 -1 48 
59-69 -2 0.88 0.9716666666666667 1.0 -1 48 
60-1 -2 0.92 0.9716666666666667 1.0 -1 48 
60-2 -2 0.26 0.9716666666666667 1.0 -1 48 
60-4 -2 1.0 0.9716666666666667 1.0 -1 48 
60-6 -2 0.74 0.9716666666666667 1.0 -1 48 
60-7 -2 0.82 0.9716666666666667 1.0 -1 48 
60-9 -2 0.82 0.9716666666666667 1.0 -1 48 
60-10 -2 0.34 0.9716666666666667 1.0 -1 48 
60-12 -2 0.78 0.9716666666666667 1.0 -1 48 
60-14 -2 0.86 0.9716666666666667 1.0 -1 48 
60-16 -2 0.94 0.9716666666666667 1.0 -1 48 
60-17 -2 0.98 0.9716666666666667 1.0 -1 48 
60-21 -2 0.86 0.9716666666666667 1.0 -1 48 
60-22 -2 0.86 0.9716666666666667 1.0 -1 48 
60-23 -2 0.94 0.9716666666666667 1.0 -1 48 
60-25 -2 0.52 0.9716666666666667 1.0 -1 48 
60-27 -2 1.0 0.9716666666666667 1.0 -1 48 
60-29 -2 1.0 0.9716666666666667 1.0 -1 48 
60-31 -2 1.0 0.9716666666666667 1.0 -1 48 
60-49 -2 1.0 0.9716666666666667 1.0 -1 48 
60-51 -2 1.0 0.9716666666666667 1.0 -1 48 
60-53 -2 1.0 0.9716666666666667 1.0 -1 48 
60-58 -2 1.0 0.9716666666666667 1.0 -1 48 
60-59 -2 1.0 0.9716666666666667 1.0 -1 48 
60-60 -2 1.0 0.9716666666666667 1.0 -1 48 
60-61 -2 1.0 0.9716666666666667 1.0 -1 48 
60-62 -2 1.0 0.9716666666666667 1.0 -1 48 
60-63 -2 1.0 0.9716666666666667 1.0 -1 48 
60-64 -2 1.0 0.9716666666666667 1.0 -1 48 
60-66 -2 0.38 0.9716666666666667 1.0 -1 48 
60-67 -2 1.0 0.9716666666666667 1.0 -1 48 
60-68 -2 0.76 0.9716666666666667 1.0 -1 48 
60-69 -2 0.88 0.9716666666666667 1.0 -1 48 
61-1 -2 0.92 0.9716666666666667 1.0 -1 48 
61-2 -2 0.26 0.9716666666666667 1.0 -1 48 
61-4 -2 1.0 0.9716666666666667 1.0 -1 48 
61-6 -2 0.74 0.9716666666666667 1.0 -1 48 
61-7 -2 0.82 0.9716666666666667 1.0 -1 48 
61-9 -2 0.82 0.9716666666666667 1.0 -1 48 
61-10 -2 0.34 0.9716666666666667 1.0 -1 48 
61-12 -2 0.78 0.9716666666666667 1.0 -1 48 
61-14 -2 0.86 0.9716666666666667 1.0 -1 48 
61-16 -2 0.94 0.9716666666666667 1.0 -1 48 
61-17 -2 0.98 0.9716666666666667 1.0 -1 48 
61-21 -2 0.86 0.9716666666666667 1.0 -1 48 
61-22 -2 0.86 0.9716666666666667 1.0 -1 48 
61-23 -2 0.94 0.9716666666666667 1.0 -1 48 
61-25 -2 0.52 0.9716666666666667 1.0 -1 48 
61-27 -2 1.0 0.9716666666666667 1.0 -1 48 
61-29 -2 1.0 0.9716666666666667 1.0 -1 48 
61-31 -2 1.0 0.9716666666666667 1.0 -1 48 
61-49 -2 1.0 0.9716666666666667 1.0 -1 48 
61-51 -2 1.0 0.9716666666666667 1.0 -1 48 
61-53 -2 1.0 0.9716666666666667 1.0 -1 48 
61-58 -2 1.0 0.9716666666666667 1.0 -1 48 
61-59 -2 1.0 0.9716666666666667 1.0 -1 48 
61-60 -2 1.0 0.9716666666666667 1.0 -1 48 
61-61 -2 1.0 0.9716666666666667 1.0 -1 48 
61-62 -2 1.0 0.9716666666666667 1.0 -1 48 
61-63 -2 1.0 0.9716666666666667 1.0 -1 48 
61-64 -2 1.0 0.9716666666666667 1.0 -1 48 
61-66 -2 0.38 0.9716666666666667 1.0 -1 48 
61-67 -2 1.0 0.9716666666666667 1.0 -1 48 
61-68 -2 0.76 0.9716666666666667 1.0 -1 48 
61-69 -2 0.88 0.9716666666666667 1.0 -1 48 
62-1 -2 0.92 0.9716666666666667 1.0 -1 48 
62-2 -2 0.26 0.9716666666666667 1.0 -1 48 
62-4 -2 1.0 0.9716666666666667 1.0 -1 48 
62-6 -2 0.74 0.9716666666666667 1.0 -1 48 
62-7 -2 0.82 0.9716666666666667 1.0 -1 48 
62-9 -2 0.82 0.9716666666666667 1.0 -1 48 
62-10 -2 0.34 0.9716666666666667 1.0 -1 48 
62-12 -2 0.78 0.9716666666666667 1.0 -1 48 
62-14 -2 0.86 0.9716666666666667 1.0 -1 48 
62-16 -2 0.94 0.9716666666666667 1.0 -1 48 
62-17 -2 0.98 0.9716666666666667 1.0 -1 48 
62-21 -2 0.86 0.9716666666666667 1.0 -1 48 
62-22 -2 0.86 0.9716666666666667 1.0 -1 48 
62-23 -2 0.94 0.9716666666666667 1.0 -1 48 
62-25 -2 0.52 0.9716666666666667 1.0 -1 48 
62-27 -2 1.0 0.9716666666666667 1.0 -1 48 
62-29 -2 1.0 0.9716666666666667 1.0 -1 48 
62-31 -2 1.0 0.9716666666666667 1.0 -1 48 
62-49 -2 1.0 0.9716666666666667 1.0 -1 48 
62-51 -2 1.0 0.9716666666666667 1.0 -1 48 
62-53 -2 1.0 0.9716666666666667 1.0 -1 48 
62-58 -2 1.0 0.9716666666666667 1.0 -1 48 
62-59 -2 1.0 0.9716666666666667 1.0 -1 48 
62-60 -2 1.0 0.9716666666666667 1.0 -1 48 
62-61 -2 1.0 0.9716666666666667 1.0 -1 48 
62-62 -2 1.0 0.9716666666666667 1.0 -1 48 
62-63 -2 1.0 0.9716666666666667 1.0 -1 48 
62-64 -2 1.0 0.9716666666666667 1.0 -1 48 
62-66 -2 0.38 0.9716666666666667 1.0 -1 48 
62-67 -2 1.0 0.9716666666666667 1.0 -1 48 
62-68 -2 0.76 0.9716666666666667 1.0 -1 48 
62-69 -2 0.88 0.9716666666666667 1.0 -1 48 
63-1 -2 0.92 0.9716666666666667 1.0 -1 48 
63-2 -2 0.26 0.9716666666666667 1.0 -1 48 
63-4 -2 1.0 0.9716666666666667 1.0 -1 48 
63-6 -2 0.74 0.9716666666666667 1.0 -1 48 
63-7 -2 0.82 0.9716666666666667 1.0 -1 48 
63-9 -2 0.82 0.9716666666666667 1.0 -1 48 
63-10 -2 0.34 0.9716666666666667 1.0 -1 48 
63-12 -2 0.78 0.9716666666666667 1.0 -1 48 
63-14 -2 0.86 0.9716666666666667 1.0 -1 48 
63-16 -2 0.94 0.9716666666666667 1.0 -1 48 
63-17 -2 0.98 0.9716666666666667 1.0 -1 48 
63-21 -2 0.86 0.9716666666666667 1.0 -1 48 
63-22 -2 0.86 0.9716666666666667 1.0 -1 48 
63-23 -2 0.94 0.9716666666666667 1.0 -1 48 
63-25 -2 0.52 0.9716666666666667 1.0 -1 48 
63-27 -2 1.0 0.9716666666666667 1.0 -1 48 
63-29 -2 1.0 0.9716666666666667 1.0 -1 48 
63-31 -2 1.0 0.9716666666666667 1.0 -1 48 
63-49 -2 1.0 0.9716666666666667 1.0 -1 48 
63-51 -2 1.0 0.9716666666666667 1.0 -1 48 
63-53 -2 1.0 0.9716666666666667 1.0 -1 48 
63-58 -2 1.0 0.9716666666666667 1.0 -1 48 
63-59 -2 1.0 0.9716666666666667 1.0 -1 48 
63-60 -2 1.0 0.9716666666666667 1.0 -1 48 
63-61 -2 1.0 0.9716666666666667 1.0 -1 48 
63-62 -2 1.0 0.9716666666666667 1.0 -1 48 
63-63 -2 1.0 0.9716666666666667 1.0 -1 48 
63-64 -2 1.0 0.9716666666666667 1.0 -1 48 
63-66 -2 0.38 0.9716666666666667 1.0 -1 48 
63-67 -2 1.0 0.9716666666666667 1.0 -1 48 
63-68 -2 0.76 0.9716666666666667 1.0 -1 48 
63-69 -2 0.88 0.9716666666666667 1.0 -1 48 
64-1 -2 0.92 0.9716666666666667 1.0 -1 48 
64-2 -2 0.26 0.9716666666666667 1.0 -1 48 
64-4 -2 1.0 0.9716666666666667 1.0 -1 48 
64-6 -2 0.74 0.9716666666666667 1.0 -1 48 
64-7 -2 0.82 0.9716666666666667 1.0 -1 48 
64-9 -2 0.82 0.9716666666666667 1.0 -1 48 
64-10 -2 0.34 0.9716666666666667 1.0 -1 48 
64-12 -2 0.78 0.9716666666666667 1.0 -1 48 
64-14 -2 0.86 0.9716666666666667 1.0 -1 48 
64-16 -2 0.94 0.9716666666666667 1.0 -1 48 
64-17 -2 0.98 0.9716666666666667 1.0 -1 48 
64-21 -2 0.86 0.9716666666666667 1.0 -1 48 
64-22 -2 0.86 0.9716666666666667 1.0 -1 48 
64-23 -2 0.94 0.9716666666666667 1.0 -1 48 
64-25 -2 0.52 0.9716666666666667 1.0 -1 48 
64-27 -2 1.0 0.9716666666666667 1.0 -1 48 
64-29 -2 1.0 0.9716666666666667 1.0 -1 48 
64-31 -2 1.0 0.9716666666666667 1.0 -1 48 
64-49 -2 1.0 0.9716666666666667 1.0 -1 48 
64-51 -2 1.0 0.9716666666666667 1.0 -1 48 
64-53 -2 1.0 0.9716666666666667 1.0 -1 48 
64-58 -2 1.0 0.9716666666666667 1.0 -1 48 
64-59 -2 1.0 0.9716666666666667 1.0 -1 48 
64-60 -2 1.0 0.9716666666666667 1.0 -1 48 
64-61 -2 1.0 0.9716666666666667 1.0 -1 48 
64-62 -2 1.0 0.9716666666666667 1.0 -1 48 
64-63 -2 1.0 0.9716666666666667 1.0 -1 48 
64-64 -2 1.0 0.9716666666666667 1.0 -1 48 
64-66 -2 0.38 0.9716666666666667 1.0 -1 48 
64-67 -2 1.0 0.9716666666666667 1.0 -1 48 
64-68 -2 0.76 0.9716666666666667 1.0 -1 48 
64-69 -2 0.88 0.9716666666666667 1.0 -1 48 
66-1 0.005434782608695676,0.6893796992481203,0.7160278745644599,0.6255813953488372,0.9796783625730994,-1,0.010869565217391353,-1 1.0,0.8636363636363636,1.0,1.0,1.0,1.0,1.0,1.0 1.0,1.0,1.0,1.0,1.0,1.0,1.0,1.0 0.5 1 2,20,7,5,10,1,2,1 
66-2 0.005434782608695676,0.6893796992481203,0.7160278745644599,0.6255813953488372,0.9796783625730994,-1,0.010869565217391353,-1 1.0,0.36363636363636365,0.2857142857142857,0.4,1.0,1.0,1.0,1.0 1.0,1.0,1.0,1.0,1.0,1.0,1.0,1.0 0.5 1 2,20,7,5,10,1,2,1 
66-4 0.005434782608695676,0.6893796992481203,0.7160278745644599,0.6255813953488372,0.9796783625730994,-1,0.010869565217391353,-1 1.0,1.0,1.0,1.0,1.0,1.0,1.0,1.0 1.0,1.0,1.0,1.0,1.0,1.0,1.0,1.0 0.5 1 2,20,7,5,10,1,2,1 
66-6 0.005434782608695676,0.6893796992481203,0.7160278745644599,0.6255813953488372,0.9796783625730994,-1,0.010869565217391353,-1 1.0,0.6363636363636364,0.7142857142857143,1.0,1.0,1.0,1.0,1.0 1.0,1.0,1.0,1.0,1.0,1.0,1.0,1.0 0.5 1 2,20,7,5,10,1,2,1 
66-7 0.005434782608695676,0.6893796992481203,0.7160278745644599,0.6255813953488372,0.9796783625730994,-1,0.010869565217391353,-1 1.0,0.8181818181818182,0.7142857142857143,1.0,1.0,1.0,1.0,1.0 1.0,1.0,1.0,1.0,1.0,1.0,1.0,1.0 0.5 1 2,20,7,5,10,1,2,1 
66-9 0.005434782608695676,0.6893796992481203,0.7160278745644599,0.6255813953488372,0.9796783625730994,-1,0.010869565217391353,-1 1.0,0.7727272727272727,0.7142857142857143,1.0,1.0,1.0,1.0,1.0 1.0,1.0,1.0,1.0,1.0,1.0,1.0,1.0 0.5 1 2,20,7,5,10,1,2,1 
66-10 0.005434782608695676,0.6893796992481203,0.7160278745644599,0.6255813953488372,0.9796783625730994,-1,0.010869565217391353,-1 1.0,0.7727272727272727,1.0,0.6,1.0,1.0,1.0,1.0 1.0,1.0,1.0,1.0,1.0,1.0,1.0,1.0 0.5 1 2,20,7,5,10,1,2,1 
66-12 0.005434782608695676,0.6893796992481203,0.7160278745644599,0.6255813953488372,0.9796783625730994,-1,0.010869565217391353,-1 0.5,0.8181818181818182,0.5714285714285714,1.0,1.0,1.0,1.0,1.0 1.0,1.0,1.0,1.0,1.0,1.0,1.0,1.0 0.5 1 2,20,7,5,10,1,2,1 
66-14 0.005434782608695676,0.6893796992481203,0.7160278745644599,0.6255813953488372,0.9796783625730994,-1,0.010869565217391353,-1 1.0,0.8181818181818182,1.0,1.0,1.0,1.0,0.5,1.0 1.0,1.0,1.0,1.0,1.0,1.0,1.0,1.0 0.5 1 2,20,7,5,10,1,2,1 
66-16 0.005434782608695676,0.6893796992481203,0.7160278745644599,0.6255813953488372,0.9796783625730994,-1,0.010869565217391353,-1 1.0,1.0,0.7142857142857143,1.0,1.0,1.0,1.0,1.0 1.0,1.0,1.0,1.0,1.0,1.0,1.0,1.0 0.5 1 2,20,7,5,10,1,2,1 
66-17 0.005434782608695676,0.6893796992481203,0.7160278745644599,0.6255813953488372,0.9796783625730994,-1,0.010869565217391353,-1 1.0,1.0,1.0,1.0,1.0,1.0,1.0,1.0 1.0,1.0,1.0,1.0,1.0,1.0,1.0,1.0 0.5 1 2,20,7,5,10,1,2,1 
66-21 0.005434782608695676,0.6893796992481203,0.7160278745644599,0.6255813953488372,0.9796783625730994,-1,0.010869565217391353,-1 1.0,0.8181818181818182,1.0,1.0,1.0,1.0,0.5,1.0 1.0,1.0,1.0,1.0,1.0,1.0,1.0,1.0 0.5 1 2,20,7,5,10,1,2,1 
66-22 0.005434782608695676,0.6893796992481203,0.7160278745644599,0.6255813953488372,0.9796783625730994,-1,0.010869565217391353,-1 1.0,0.8181818181818182,1.0,1.0,1.0,1.0,1.0,1.0 1.0,1.0,1.0,1.0,1.0,1.0,1.0,1.0 0.5 1 2,20,7,5,10,1,2,1 
66-23 0.005434782608695676,0.6893796992481203,0.7160278745644599,0.6255813953488372,0.9796783625730994,-1,0.010869565217391353,-1 1.0,0.9545454545454546,1.0,1.0,1.0,1.0,0.5,1.0 1.0,1.0,1.0,1.0,1.0,1.0,1.0,1.0 0.5 1 2,20,7,5,10,1,2,1 
66-25 0.005434782608695676,0.6893796992481203,0.7160278745644599,0.6255813953488372,0.9796783625730994,-1,0.010869565217391353,-1 0.5,0.5454545454545454,0.5714285714285714,0.8,0.8,1.0,1.0,1.0 1.0,1.0,1.0,1.0,1.0,1.0,1.0,1.0 0.5 1 2,20,7,5,10,1,2,1 
66-27 0.005434782608695676,0.6893796992481203,0.7160278745644599,0.6255813953488372,0.9796783625730994,-1,0.010869565217391353,-1 1.0,1.0,1.0,1.0,1.0,1.0,1.0,1.0 1.0,1.0,1.0,1.0,1.0,1.0,1.0,1.0 0.5 1 2,20,7,5,10,1,2,1 
66-29 0.005434782608695676,0.6893796992481203,0.7160278745644599,0.6255813953488372,0.9796783625730994,-1,0.010869565217391353,-1 1.0,1.0,1.0,1.0,1.0,1.0,1.0,1.0 1.0,1.0,1.0,1.0,1.0,1.0,1.0,1.0 0.5 1 2,20,7,5,10,1,2,1 
66-31 0.005434782608695676,0.6893796992481203,0.7160278745644599,0.6255813953488372,0.9796783625730994,-1,0.010869565217391353,-1 1.0,1.0,1.0,1.0,1.0,1.0,1.0,1.0 1.0,1.0,1.0,1.0,1.0,1.0,1.0,1.0 0.5 1 2,20,7,5,10,1,2,1 
66-49 0.005434782608695676,0.6893796992481203,0.7160278745644599,0.6255813953488372,0.9796783625730994,-1,0.010869565217391353,-1 1.0,1.0,1.0,1.0,1.0,1.0,1.0,1.0 1.0,1.0,1.0,1.0,1.0,1.0,1.0,1.0 0.5 1 2,20,7,5,10,1,2,1 
66-51 0.005434782608695676,0.6893796992481203,0.7160278745644599,0.6255813953488372,0.9796783625730994,-1,0.010869565217391353,-1 1.0,1.0,1.0,1.0,1.0,1.0,1.0,1.0 1.0,1.0,1.0,1.0,1.0,1.0,1.0,1.0 0.5 1 2,20,7,5,10,1,2,1 
66-53 0.005434782608695676,0.6893796992481203,0.7160278745644599,0.6255813953488372,0.9796783625730994,-1,0.010869565217391353,-1 1.0,1.0,1.0,1.0,1.0,1.0,1.0,1.0 1.0,1.0,1.0,1.0,1.0,1.0,1.0,1.0 0.5 1 2,20,7,5,10,1,2,1 
66-58 0.005434782608695676,0.6893796992481203,0.7160278745644599,0.6255813953488372,0.9796783625730994,-1,0.010869565217391353,-1 1.0,1.0,1.0,1.0,1.0,1.0,1.0,1.0 1.0,1.0,1.0,1.0,1.0,1.0,1.0,1.0 0.5 1 2,20,7,5,10,1,2,1 
66-59 0.005434782608695676,0.6893796992481203,0.7160278745644599,0.6255813953488372,0.9796783625730994,-1,0.010869565217391353,-1 1.0,1.0,1.0,1.0,1.0,1.0,1.0,1.0 1.0,1.0,1.0,1.0,1.0,1.0,1.0,1.0 0.5 1 2,20,7,5,10,1,2,1 
66-60 0.005434782608695676,0.6893796992481203,0.7160278745644599,0.6255813953488372,0.9796783625730994,-1,0.010869565217391353,-1 1.0,1.0,1.0,1.0,1.0,1.0,1.0,1.0 1.0,1.0,1.0,1.0,1.0,1.0,1.0,1.0 0.5 1 2,20,7,5,10,1,2,1 
66-61 0.005434782608695676,0.6893796992481203,0.7160278745644599,0.6255813953488372,0.9796783625730994,-1,0.010869565217391353,-1 1.0,1.0,1.0,1.0,1.0,1.0,1.0,1.0 1.0,1.0,1.0,1.0,1.0,1.0,1.0,1.0 0.5 1 2,20,7,5,10,1,2,1 
66-62 0.005434782608695676,0.6893796992481203,0.7160278745644599,0.6255813953488372,0.9796783625730994,-1,0.010869565217391353,-1 1.0,1.0,1.0,1.0,1.0,1.0,1.0,1.0 1.0,1.0,1.0,1.0,1.0,1.0,1.0,1.0 0.5 1 2,20,7,5,10,1,2,1 
66-63 0.005434782608695676,0.6893796992481203,0.7160278745644599,0.6255813953488372,0.9796783625730994,-1,0.010869565217391353,-1 1.0,1.0,1.0,1.0,1.0,1.0,1.0,1.0 1.0,1.0,1.0,1.0,1.0,1.0,1.0,1.0 0.5 1 2,20,7,5,10,1,2,1 
66-64 0.005434782608695676,0.6893796992481203,0.7160278745644599,0.6255813953488372,0.9796783625730994,-1,0.010869565217391353,-1 1.0,1.0,1.0,1.0,1.0,1.0,1.0,1.0 1.0,1.0,1.0,1.0,1.0,1.0,1.0,1.0 0.5 1 2,20,7,5,10,1,2,1 
66-66 0.005434782608695676,0.6893796992481203,0.7160278745644599,0.6255813953488372,0.9796783625730994,-1,0.010869565217391353,-1 1.0,0.5454545454545454,1.0,1.0,1.0,1.0,1.0,1.0 1.0,1.0,1.0,1.0,1.0,1.0,1.0,1.0 0.5 1 2,20,7,5,10,1,2,1 
66-67 0.005434782608695676,0.6893796992481203,0.7160278745644599,0.6255813953488372,0.9796783625730994,-1,0.010869565217391353,-1 1.0,1.0,1.0,1.0,1.0,1.0,1.0,1.0 1.0,1.0,1.0,1.0,1.0,1.0,1.0,1.0 0.5 1 2,20,7,5,10,1,2,1 
66-68 0.005434782608695676,0.6893796992481203,0.7160278745644599,0.6255813953488372,0.9796783625730994,-1,0.010869565217391353,-1 0.5,0.9545454545454546,0.7142857142857143,0.6,1.0,1.0,1.0,1.0 1.0,1.0,1.0,1.0,1.0,1.0,1.0,1.0 0.5 1 2,20,7,5,10,1,2,1 
66-69 0.005434782608695676,0.6893796992481203,0.7160278745644599,0.6255813953488372,0.9796783625730994,-1,0.010869565217391353,-1 1.0,0.7272727272727273,1.0,1.0,1.0,1.0,1.0,1.0 1.0,1.0,1.0,1.0,1.0,1.0,1.0,1.0 0.5 1 2,20,7,5,10,1,2,1 
67-1 -2 0.92 0.9716666666666667 1.0 -1 48 
67-2 -2 0.26 0.9716666666666667 1.0 -1 48 
67-4 -2 1.0 0.9716666666666667 1.0 -1 48 
67-6 -2 0.74 0.9716666666666667 1.0 -1 48 
67-7 -2 0.82 0.9716666666666667 1.0 -1 48 
67-9 -2 0.82 0.9716666666666667 1.0 -1 48 
67-10 -2 0.34 0.9716666666666667 1.0 -1 48 
67-12 -2 0.78 0.9716666666666667 1.0 -1 48 
67-14 -2 0.86 0.9716666666666667 1.0 -1 48 
67-16 -2 0.94 0.9716666666666667 1.0 -1 48 
67-17 -2 0.98 0.9716666666666667 1.0 -1 48 
67-21 -2 0.86 0.9716666666666667 1.0 -1 48 
67-22 -2 0.86 0.9716666666666667 1.0 -1 48 
67-23 -2 0.94 0.9716666666666667 1.0 -1 48 
67-25 -2 0.52 0.9716666666666667 1.0 -1 48 
67-27 -2 1.0 0.9716666666666667 1.0 -1 48 
67-29 -2 1.0 0.9716666666666667 1.0 -1 48 
67-31 -2 1.0 0.9716666666666667 1.0 -1 48 
67-49 -2 1.0 0.9716666666666667 1.0 -1 48 
67-51 -2 1.0 0.9716666666666667 1.0 -1 48 
67-53 -2 1.0 0.9716666666666667 1.0 -1 48 
67-58 -2 1.0 0.9716666666666667 1.0 -1 48 
67-59 -2 1.0 0.9716666666666667 1.0 -1 48 
67-60 -2 1.0 0.9716666666666667 1.0 -1 48 
67-61 -2 1.0 0.9716666666666667 1.0 -1 48 
67-62 -2 1.0 0.9716666666666667 1.0 -1 48 
67-63 -2 1.0 0.9716666666666667 1.0 -1 48 
67-64 -2 1.0 0.9716666666666667 1.0 -1 48 
67-66 -2 0.38 0.9716666666666667 1.0 -1 48 
67-67 -2 1.0 0.9716666666666667 1.0 -1 48 
67-68 -2 0.76 0.9716666666666667 1.0 -1 48 
67-69 -2 0.88 0.9716666666666667 1.0 -1 48 
68-1 0.38009049773755654,0.6941287878787878,0.010869565217391353,0.3407407407407408,0.6777777777777778,-1 0.918918918918919,1.0,1.0,1.0,1.0,1.0 0.9611428571428572,1.0,1.0,1.0,1.0,1.0 0.6666666666666667 1 35,4,2,3,3,1 
68-2 0.38009049773755654,0.6941287878787878,0.010869565217391353,0.3407407407407408,0.6777777777777778,-1 0.2972972972972973,0.5,1.0,0.6666666666666666,0.6666666666666666,1.0 0.9611428571428572,1.0,1.0,1.0,1.0,1.0 0.6666666666666667 1 35,4,2,3,3,1 
68-4 0.38009049773755654,0.6941287878787878,0.010869565217391353,0.3407407407407408,0.6777777777777778,-1 1.0,1.0,1.0,1.0,1.0,1.0 0.9611428571428572,1.0,1.0,1.0,1.0,1.0 0.6666666666666667 1 35,4,2,3,3,1 
68-6 0.38009049773755654,0.6941287878787878,0.010869565217391353,0.3407407407407408,0.6777777777777778,-1 0.7027027027027027,0.5,1.0,1.0,1.0,1.0 0.9611428571428572,1.0,1.0,1.0,1.0,1.0 0.6666666666666667 1 35,4,2,3,3,1 
68-7 0.38009049773755654,0.6941287878787878,0.010869565217391353,0.3407407407407408,0.6777777777777778,-1 0.8108108108108109,0.5,1.0,1.0,1.0,1.0 0.9611428571428572,1.0,1.0,1.0,1.0,1.0 0.6666666666666667 1 35,4,2,3,3,1 
68-9 0.38009049773755654,0.6941287878787878,0.010869565217391353,0.3407407407407408,0.6777777777777778,-1 0.8108108108108109,0.5,1.0,1.0,1.0,1.0 0.9611428571428572,1.0,1.0,1.0,1.0,1.0 0.6666666666666667 1 35,4,2,3,3,1 
68-10 0.38009049773755654,0.6941287878787878,0.010869565217391353,0.3407407407407408,0.6777777777777778,-1 0.4594594594594595,1.0,1.0,1.0,1.0,1.0 0.9611428571428572,1.0,1.0,1.0,1.0,1.0 0.6666666666666667 1 35,4,2,3,3,1 
68-12 0.38009049773755654,0.6941287878787878,0.010869565217391353,0.3407407407407408,0.6777777777777778,-1 0.8108108108108109,0.75,1.0,1.0,0.6666666666666666,1.0 0.9611428571428572,1.0,1.0,1.0,1.0,1.0 0.6666666666666667 1 35,4,2,3,3,1 
68-14 0.38009049773755654,0.6941287878787878,0.010869565217391353,0.3407407407407408,0.6777777777777778,-1 0.8108108108108109,1.0,1.0,1.0,1.0,1.0 0.9611428571428572,1.0,1.0,1.0,1.0,1.0 0.6666666666666667 1 35,4,2,3,3,1 
68-16 0.38009049773755654,0.6941287878787878,0.010869565217391353,0.3407407407407408,0.6777777777777778,-1 1.0,1.0,1.0,1.0,0.6666666666666666,1.0 0.9611428571428572,1.0,1.0,1.0,1.0,1.0 0.6666666666666667 1 35,4,2,3,3,1 
68-17 0.38009049773755654,0.6941287878787878,0.010869565217391353,0.3407407407407408,0.6777777777777778,-1 1.0,1.0,1.0,1.0,1.0,1.0 0.9611428571428572,1.0,1.0,1.0,1.0,1.0 0.6666666666666667 1 35,4,2,3,3,1 
68-21 0.38009049773755654,0.6941287878787878,0.010869565217391353,0.3407407407407408,0.6777777777777778,-1 0.8108108108108109,1.0,1.0,1.0,1.0,1.0 0.9611428571428572,1.0,1.0,1.0,1.0,1.0 0.6666666666666667 1 35,4,2,3,3,1 
68-22 0.38009049773755654,0.6941287878787878,0.010869565217391353,0.3407407407407408,0.6777777777777778,-1 0.8108108108108109,1.0,1.0,1.0,1.0,1.0 0.9611428571428572,1.0,1.0,1.0,1.0,1.0 0.6666666666666667 1 35,4,2,3,3,1 
68-23 0.38009049773755654,0.6941287878787878,0.010869565217391353,0.3407407407407408,0.6777777777777778,-1 0.918918918918919,1.0,1.0,1.0,1.0,1.0 0.9611428571428572,1.0,1.0,1.0,1.0,1.0 0.6666666666666667 1 35,4,2,3,3,1 
68-25 0.38009049773755654,0.6941287878787878,0.010869565217391353,0.3407407407407408,0.6777777777777778,-1 0.5675675675675675,1.0,1.0,0.6666666666666666,1.0,1.0 0.9611428571428572,1.0,1.0,1.0,1.0,1.0 0.6666666666666667 1 35,4,2,3,3,1 
68-27 0.38009049773755654,0.6941287878787878,0.010869565217391353,0.3407407407407408,0.6777777777777778,-1 1.0,1.0,1.0,1.0,1.0,1.0 0.9611428571428572,1.0,1.0,1.0,1.0,1.0 0.6666666666666667 1 35,4,2,3,3,1 
68-29 0.38009049773755654,0.6941287878787878,0.010869565217391353,0.3407407407407408,0.6777777777777778,-1 1.0,1.0,1.0,1.0,1.0,1.0 0.9611428571428572,1.0,1.0,1.0,1.0,1.0 0.6666666666666667 1 35,4,2,3,3,1 
68-31 0.38009049773755654,0.6941287878787878,0.010869565217391353,0.3407407407407408,0.6777777777777778,-1 1.0,1.0,1.0,1.0,1.0,1.0 0.9611428571428572,1.0,1.0,1.0,1.0,1.0 0.6666666666666667 1 35,4,2,3,3,1 
68-49 0.38009049773755654,0.6941287878787878,0.010869565217391353,0.3407407407407408,0.6777777777777778,-1 1.0,1.0,1.0,1.0,1.0,1.0 0.9611428571428572,1.0,1.0,1.0,1.0,1.0 0.6666666666666667 1 35,4,2,3,3,1 
68-51 0.38009049773755654,0.6941287878787878,0.010869565217391353,0.3407407407407408,0.6777777777777778,-1 1.0,1.0,1.0,1.0,1.0,1.0 0.9611428571428572,1.0,1.0,1.0,1.0,1.0 0.6666666666666667 1 35,4,2,3,3,1 
68-53 0.38009049773755654,0.6941287878787878,0.010869565217391353,0.3407407407407408,0.6777777777777778,-1 1.0,1.0,1.0,1.0,1.0,1.0 0.9611428571428572,1.0,1.0,1.0,1.0,1.0 0.6666666666666667 1 35,4,2,3,3,1 
68-58 0.38009049773755654,0.6941287878787878,0.010869565217391353,0.3407407407407408,0.6777777777777778,-1 1.0,1.0,1.0,1.0,1.0,1.0 0.9611428571428572,1.0,1.0,1.0,1.0,1.0 0.6666666666666667 1 35,4,2,3,3,1 
68-59 0.38009049773755654,0.6941287878787878,0.010869565217391353,0.3407407407407408,0.6777777777777778,-1 1.0,1.0,1.0,1.0,1.0,1.0 0.9611428571428572,1.0,1.0,1.0,1.0,1.0 0.6666666666666667 1 35,4,2,3,3,1 
68-60 0.38009049773755654,0.6941287878787878,0.010869565217391353,0.3407407407407408,0.6777777777777778,-1 1.0,1.0,1.0,1.0,1.0,1.0 0.9611428571428572,1.0,1.0,1.0,1.0,1.0 0.6666666666666667 1 35,4,2,3,3,1 
68-61 0.38009049773755654,0.6941287878787878,0.010869565217391353,0.3407407407407408,0.6777777777777778,-1 1.0,1.0,1.0,1.0,1.0,1.0 0.9611428571428572,1.0,1.0,1.0,1.0,1.0 0.6666666666666667 1 35,4,2,3,3,1 
68-62 0.38009049773755654,0.6941287878787878,0.010869565217391353,0.3407407407407408,0.6777777777777778,-1 1.0,1.0,1.0,1.0,1.0,1.0 0.9611428571428572,1.0,1.0,1.0,1.0,1.0 0.6666666666666667 1 35,4,2,3,3,1 
68-63 0.38009049773755654,0.6941287878787878,0.010869565217391353,0.3407407407407408,0.6777777777777778,-1 1.0,1.0,1.0,1.0,1.0,1.0 0.9611428571428572,1.0,1.0,1.0,1.0,1.0 0.6666666666666667 1 35,4,2,3,3,1 
68-64 0.38009049773755654,0.6941287878787878,0.010869565217391353,0.3407407407407408,0.6777777777777778,-1 1.0,1.0,1.0,1.0,1.0,1.0 0.9611428571428572,1.0,1.0,1.0,1.0,1.0 0.6666666666666667 1 35,4,2,3,3,1 
68-66 0.38009049773755654,0.6941287878787878,0.010869565217391353,0.3407407407407408,0.6777777777777778,-1 0.32432432432432434,1.0,1.0,1.0,1.0,1.0 0.9611428571428572,1.0,1.0,1.0,1.0,1.0 0.6666666666666667 1 35,4,2,3,3,1 
68-67 0.38009049773755654,0.6941287878787878,0.010869565217391353,0.3407407407407408,0.6777777777777778,-1 1.0,1.0,1.0,1.0,1.0,1.0 0.9611428571428572,1.0,1.0,1.0,1.0,1.0 0.6666666666666667 1 35,4,2,3,3,1 
68-68 0.38009049773755654,0.6941287878787878,0.010869565217391353,0.3407407407407408,0.6777777777777778,-1 0.918918918918919,0.5,1.0,1.0,1.0,1.0 0.9611428571428572,1.0,1.0,1.0,1.0,1.0 0.6666666666666667 1 35,4,2,3,3,1 
68-69 0.38009049773755654,0.6941287878787878,0.010869565217391353,0.3407407407407408,0.6777777777777778,-1 0.8378378378378378,1.0,1.0,1.0,1.0,1.0 0.9611428571428572,1.0,1.0,1.0,1.0,1.0 0.6666666666666667 1 35,4,2,3,3,1 
69-1 0.5055555555555555,0.6941287878787878,0.005434782608695676,0.9299754299754299,-1 0.9032258064516129,1.0,1.0,0.9166666666666666,1.0 0.9546666666666667,1.0,1.0,1.0,1.0 0.6 1 30,4,2,11,1 
69-2 0.5055555555555555,0.6941287878787878,0.005434782608695676,0.9299754299754299,-1 0.3225806451612903,0.5,1.0,0.4166666666666667,1.0 0.9546666666666667,1.0,1.0,1.0,1.0 0.6 1 30,4,2,11,1 
69-4 0.5055555555555555,0.6941287878787878,0.005434782608695676,0.9299754299754299,-1 1.0,1.0,1.0,1.0,1.0 0.9546666666666667,1.0,1.0,1.0,1.0 0.6 1 30,4,2,11,1 
69-6 0.5055555555555555,0.6941287878787878,0.005434782608695676,0.9299754299754299,-1 0.8064516129032258,0.5,1.0,0.5833333333333334,1.0 0.9546666666666667,1.0,1.0,1.0,1.0 0.6 1 30,4,2,11,1 
69-7 0.5055555555555555,0.6941287878787878,0.005434782608695676,0.9299754299754299,-1 0.8387096774193549,0.5,1.0,0.8333333333333334,1.0 0.9546666666666667,1.0,1.0,1.0,1.0 0.6 1 30,4,2,11,1 
69-9 0.5055555555555555,0.6941287878787878,0.005434782608695676,0.9299754299754299,-1 0.8709677419354839,0.5,1.0,0.75,1.0 0.9546666666666667,1.0,1.0,1.0,1.0 0.6 1 30,4,2,11,1 
69-10 0.5055555555555555,0.6941287878787878,0.005434782608695676,0.9299754299754299,-1 0.3225806451612903,1.0,1.0,1.0,1.0 0.9546666666666667,1.0,1.0,1.0,1.0 0.6 1 30,4,2,11,1 
69-12 0.5055555555555555,0.6941287878787878,0.005434782608695676,0.9299754299754299,-1 0.7741935483870968,0.75,1.0,0.9166666666666666,1.0 0.9546666666666667,1.0,1.0,1.0,1.0 0.6 1 30,4,2,11,1 
69-14 0.5055555555555555,0.6941287878787878,0.005434782608695676,0.9299754299754299,-1 0.8709677419354839,1.0,1.0,0.75,1.0 0.9546666666666667,1.0,1.0,1.0,1.0 0.6 1 30,4,2,11,1 
69-16 0.5055555555555555,0.6941287878787878,0.005434782608695676,0.9299754299754299,-1 0.967741935483871,1.0,1.0,1.0,1.0 0.9546666666666667,1.0,1.0,1.0,1.0 0.6 1 30,4,2,11,1 
69-17 0.5055555555555555,0.6941287878787878,0.005434782608695676,0.9299754299754299,-1 0.967741935483871,1.0,1.0,1.0,1.0 0.9546666666666667,1.0,1.0,1.0,1.0 0.6 1 30,4,2,11,1 
69-21 0.5055555555555555,0.6941287878787878,0.005434782608695676,0.9299754299754299,-1 0.8709677419354839,1.0,1.0,0.75,1.0 0.9546666666666667,1.0,1.0,1.0,1.0 0.6 1 30,4,2,11,1 
69-22 0.5055555555555555,0.6941287878787878,0.005434782608695676,0.9299754299754299,-1 0.8709677419354839,1.0,1.0,0.75,1.0 0.9546666666666667,1.0,1.0,1.0,1.0 0.6 1 30,4,2,11,1 
69-23 0.5055555555555555,0.6941287878787878,0.005434782608695676,0.9299754299754299,-1 0.9354838709677419,1.0,1.0,0.9166666666666666,1.0 0.9546666666666667,1.0,1.0,1.0,1.0 0.6 1 30,4,2,11,1 
69-25 0.5055555555555555,0.6941287878787878,0.005434782608695676,0.9299754299754299,-1 0.45161290322580644,1.0,1.0,0.75,1.0 0.9546666666666667,1.0,1.0,1.0,1.0 0.6 1 30,4,2,11,1 
69-27 0.5055555555555555,0.6941287878787878,0.005434782608695676,0.9299754299754299,-1 1.0,1.0,1.0,1.0,1.0 0.9546666666666667,1.0,1.0,1.0,1.0 0.6 1 30,4,2,11,1 
69-29 0.5055555555555555,0.6941287878787878,0.005434782608695676,0.9299754299754299,-1 1.0,1.0,1.0,1.0,1.0 0.9546666666666667,1.0,1.0,1.0,1.0 0.6 1 30,4,2,11,1 
69-31 0.5055555555555555,0.6941287878787878,0.005434782608695676,0.9299754299754299,-1 1.0,1.0,1.0,1.0,1.0 0.9546666666666667,1.0,1.0,1.0,1.0 0.6 1 30,4,2,11,1 
69-49 0.5055555555555555,0.6941287878787878,0.005434782608695676,0.9299754299754299,-1 1.0,1.0,1.0,1.0,1.0 0.9546666666666667,1.0,1.0,1.0,1.0 0.6 1 30,4,2,11,1 
69-51 0.5055555555555555,0.6941287878787878,0.005434782608695676,0.9299754299754299,-1 1.0,1.0,1.0,1.0,1.0 0.9546666666666667,1.0,1.0,1.0,1.0 0.6 1 30,4,2,11,1 
69-53 0.5055555555555555,0.6941287878787878,0.005434782608695676,0.9299754299754299,-1 1.0,1.0,1.0,1.0,1.0 0.9546666666666667,1.0,1.0,1.0,1.0 0.6 1 30,4,2,11,1 
69-58 0.5055555555555555,0.6941287878787878,0.005434782608695676,0.9299754299754299,-1 1.0,1.0,1.0,1.0,1.0 0.9546666666666667,1.0,1.0,1.0,1.0 0.6 1 30,4,2,11,1 
69-59 0.5055555555555555,0.6941287878787878,0.005434782608695676,0.9299754299754299,-1 1.0,1.0,1.0,1.0,1.0 0.9546666666666667,1.0,1.0,1.0,1.0 0.6 1 30,4,2,11,1 
69-60 0.5055555555555555,0.6941287878787878,0.005434782608695676,0.9299754299754299,-1 1.0,1.0,1.0,1.0,1.0 0.9546666666666667,1.0,1.0,1.0,1.0 0.6 1 30,4,2,11,1 
69-61 0.5055555555555555,0.6941287878787878,0.005434782608695676,0.9299754299754299,-1 1.0,1.0,1.0,1.0,1.0 0.9546666666666667,1.0,1.0,1.0,1.0 0.6 1 30,4,2,11,1 
69-62 0.5055555555555555,0.6941287878787878,0.005434782608695676,0.9299754299754299,-1 1.0,1.0,1.0,1.0,1.0 0.9546666666666667,1.0,1.0,1.0,1.0 0.6 1 30,4,2,11,1 
69-63 0.5055555555555555,0.6941287878787878,0.005434782608695676,0.9299754299754299,-1 1.0,1.0,1.0,1.0,1.0 0.9546666666666667,1.0,1.0,1.0,1.0 0.6 1 30,4,2,11,1 
69-64 0.5055555555555555,0.6941287878787878,0.005434782608695676,0.9299754299754299,-1 1.0,1.0,1.0,1.0,1.0 0.9546666666666667,1.0,1.0,1.0,1.0 0.6 1 30,4,2,11,1 
69-66 0.5055555555555555,0.6941287878787878,0.005434782608695676,0.9299754299754299,-1 0.3225806451612903,1.0,1.0,0.5833333333333334,1.0 0.9546666666666667,1.0,1.0,1.0,1.0 0.6 1 30,4,2,11,1 
69-67 0.5055555555555555,0.6941287878787878,0.005434782608695676,0.9299754299754299,-1 1.0,1.0,1.0,1.0,1.0 0.9546666666666667,1.0,1.0,1.0,1.0 0.6 1 30,4,2,11,1 
69-68 0.5055555555555555,0.6941287878787878,0.005434782608695676,0.9299754299754299,-1 0.8064516129032258,0.5,1.0,0.9166666666666666,1.0 0.9546666666666667,1.0,1.0,1.0,1.0 0.6 1 30,4,2,11,1 
69-69 0.5055555555555555,0.6941287878787878,0.005434782608695676,0.9299754299754299,-1 1.0,1.0,1.0,0.5,1.0 0.9546666666666667,1.0,1.0,1.0,1.0 0.6 1 30,4,2,11,1 
