0-0 0.02777777777777779,-1,-1,-1,-1,-1,-1,-1,-1,-1,-1,-1,-1,-1,-1,-1,-1,-1,-1 1.0,1.0,1.0,1.0,1.0,1.0,1.0,1.0,1.0,1.0,1.0,1.0,1.0,1.0,1.0,1.0,1.0,1.0,1.0 1.0,1.0,1.0,1.0,1.0,1.0,1.0,1.0,1.0,1.0,1.0,1.0,1.0,1.0,1.0,1.0,1.0,1.0,1.0 0.052631578947368474 1 15,1,1,1,1,1,1,1,1,1,1,1,1,1,1,1,1,1,1 
1-0 0.02777777777777779,-1,-1,-1,-1,-1,-1,-1,-1,-1,-1,-1,-1,-1,-1,-1,-1,-1,-1 1.0,1.0,1.0,1.0,1.0,1.0,1.0,1.0,1.0,1.0,1.0,1.0,1.0,1.0,1.0,1.0,1.0,1.0,1.0 1.0,1.0,1.0,1.0,1.0,1.0,1.0,1.0,1.0,1.0,1.0,1.0,1.0,1.0,1.0,1.0,1.0,1.0,1.0 0.052631578947368474 1 15,1,1,1,1,1,1,1,1,1,1,1,1,1,1,1,1,1,1 
2-0 0.02777777777777779,-1,-1,-1,-1,-1,-1,-1,-1,-1,-1,-1,-1,-1,-1,-1,-1,-1,-1 1.0,1.0,1.0,1.0,1.0,1.0,1.0,1.0,1.0,1.0,1.0,1.0,1.0,1.0,1.0,1.0,1.0,1.0,1.0 1.0,1.0,1.0,1.0,1.0,1.0,1.0,1.0,1.0,1.0,1.0,1.0,1.0,1.0,1.0,1.0,1.0,1.0,1.0 0.052631578947368474 1 15,1,1,1,1,1,1,1,1,1,1,1,1,1,1,1,1,1,1 
3-0 0.02777777777777779,-1,-1,-1,-1,-1,-1,-1,-1,-1,-1,-1,-1,-1,-1,-1,-1,-1,-1 1.0,1.0,1.0,1.0,1.0,1.0,1.0,1.0,1.0,1.0,1.0,1.0,1.0,1.0,1.0,1.0,1.0,1.0,1.0 1.0,1.0,1.0,1.0,1.0,1.0,1.0,1.0,1.0,1.0,1.0,1.0,1.0,1.0,1.0,1.0,1.0,1.0,1.0 0.052631578947368474 1 15,1,1,1,1,1,1,1,1,1,1,1,1,1,1,1,1,1,1 
5-0 0.02777777777777779,-1,-1,-1,-1,-1,-1,-1,-1,-1,-1,-1,-1,-1,-1,-1,-1,-1,-1 1.0,1.0,1.0,1.0,1.0,1.0,1.0,1.0,1.0,1.0,1.0,1.0,1.0,1.0,1.0,1.0,1.0,1.0,1.0 1.0,1.0,1.0,1.0,1.0,1.0,1.0,1.0,1.0,1.0,1.0,1.0,1.0,1.0,1.0,1.0,1.0,1.0,1.0 0.052631578947368474 1 15,1,1,1,1,1,1,1,1,1,1,1,1,1,1,1,1,1,1 
0-1 0.02777777777777779,-1,-1,-1,-1,-1,-1,-1,-1,-1,-1,-1,-1,-1,-1,-1,-1,-1,-1 1.0,1.0,1.0,1.0,1.0,1.0,1.0,1.0,1.0,1.0,1.0,1.0,1.0,1.0,1.0,1.0,1.0,1.0,1.0 1.0,1.0,1.0,1.0,1.0,1.0,1.0,1.0,1.0,1.0,1.0,1.0,1.0,1.0,1.0,1.0,1.0,1.0,1.0 0.052631578947368474 1 15,1,1,1,1,1,1,1,1,1,1,1,1,1,1,1,1,1,1 
1-1 0.02777777777777779,-1,-1,-1,-1,-1,-1,-1,-1,-1,-1,-1,-1,-1,-1,-1,-1,-1,-1 1.0,1.0,1.0,1.0,1.0,1.0,1.0,1.0,1.0,1.0,1.0,1.0,1.0,1.0,1.0,1.0,1.0,1.0,1.0 1.0,1.0,1.0,1.0,1.0,1.0,1.0,1.0,1.0,1.0,1.0,1.0,1.0,1.0,1.0,1.0,1.0,1.0,1.0 0.052631578947368474 1 15,1,1,1,1,1,1,1,1,1,1,1,1,1,1,1,1,1,1 
2-1 0.02777777777777779,-1,-1,-1,-1,-1,-1,-1,-1,-1,-1,-1,-1,-1,-1,-1,-1,-1,-1 1.0,1.0,1.0,1.0,1.0,1.0,1.0,1.0,1.0,1.0,1.0,1.0,1.0,1.0,1.0,1.0,1.0,1.0,1.0 1.0,1.0,1.0,1.0,1.0,1.0,1.0,1.0,1.0,1.0,1.0,1.0,1.0,1.0,1.0,1.0,1.0,1.0,1.0 0.052631578947368474 1 15,1,1,1,1,1,1,1,1,1,1,1,1,1,1,1,1,1,1 
3-1 0.02777777777777779,-1,-1,-1,-1,-1,-1,-1,-1,-1,-1,-1,-1,-1,-1,-1,-1,-1,-1 1.0,1.0,1.0,1.0,1.0,1.0,1.0,1.0,1.0,1.0,1.0,1.0,1.0,1.0,1.0,1.0,1.0,1.0,1.0 1.0,1.0,1.0,1.0,1.0,1.0,1.0,1.0,1.0,1.0,1.0,1.0,1.0,1.0,1.0,1.0,1.0,1.0,1.0 0.052631578947368474 1 15,1,1,1,1,1,1,1,1,1,1,1,1,1,1,1,1,1,1 
5-1 0.02777777777777779,-1,-1,-1,-1,-1,-1,-1,-1,-1,-1,-1,-1,-1,-1,-1,-1,-1,-1 1.0,1.0,1.0,1.0,1.0,1.0,1.0,1.0,1.0,1.0,1.0,1.0,1.0,1.0,1.0,1.0,1.0,1.0,1.0 1.0,1.0,1.0,1.0,1.0,1.0,1.0,1.0,1.0,1.0,1.0,1.0,1.0,1.0,1.0,1.0,1.0,1.0,1.0 0.052631578947368474 1 15,1,1,1,1,1,1,1,1,1,1,1,1,1,1,1,1,1,1 
0-2 0.02777777777777779,-1,-1,0.008064516129032251,-1,-1,-1,-1,-1,-1,-1,-1,-1,0.008064516129032251,-1,-1,-1 1.0,1.0,1.0,1.0,1.0,1.0,1.0,1.0,1.0,1.0,1.0,1.0,1.0,1.0,1.0,1.0,1.0 1.0,1.0,1.0,1.0,1.0,1.0,1.0,1.0,1.0,1.0,1.0,1.0,1.0,1.0,1.0,1.0,1.0 0.05882352941176472 1 15,1,1,2,1,1,1,1,1,1,1,1,1,2,1,1,1 
1-2 0.02777777777777779,-1,-1,0.008064516129032251,-1,-1,-1,-1,-1,-1,-1,-1,-1,0.008064516129032251,-1,-1,-1 1.0,1.0,1.0,1.0,1.0,1.0,1.0,1.0,1.0,1.0,1.0,1.0,1.0,1.0,1.0,1.0,1.0 1.0,1.0,1.0,1.0,1.0,1.0,1.0,1.0,1.0,1.0,1.0,1.0,1.0,1.0,1.0,1.0,1.0 0.05882352941176472 1 15,1,1,2,1,1,1,1,1,1,1,1,1,2,1,1,1 
2-2 0.02777777777777779,-1,-1,0.008064516129032251,-1,-1,-1,-1,-1,-1,-1,-1,-1,0.008064516129032251,-1,-1,-1 1.0,1.0,1.0,1.0,1.0,1.0,1.0,1.0,1.0,1.0,1.0,1.0,1.0,1.0,1.0,1.0,1.0 1.0,1.0,1.0,1.0,1.0,1.0,1.0,1.0,1.0,1.0,1.0,1.0,1.0,1.0,1.0,1.0,1.0 0.05882352941176472 1 15,1,1,2,1,1,1,1,1,1,1,1,1,2,1,1,1 
3-2 0.02777777777777779,-1,-1,0.008064516129032251,-1,-1,-1,-1,-1,-1,-1,-1,-1,0.008064516129032251,-1,-1,-1 1.0,1.0,1.0,1.0,1.0,1.0,1.0,1.0,1.0,1.0,1.0,1.0,1.0,1.0,1.0,1.0,1.0 1.0,1.0,1.0,1.0,1.0,1.0,1.0,1.0,1.0,1.0,1.0,1.0,1.0,1.0,1.0,1.0,1.0 0.05882352941176472 1 15,1,1,2,1,1,1,1,1,1,1,1,1,2,1,1,1 
5-2 0.02777777777777779,-1,-1,0.008064516129032251,-1,-1,-1,-1,-1,-1,-1,-1,-1,0.008064516129032251,-1,-1,-1 1.0,1.0,1.0,1.0,1.0,1.0,1.0,1.0,1.0,1.0,1.0,1.0,1.0,1.0,1.0,1.0,1.0 1.0,1.0,1.0,1.0,1.0,1.0,1.0,1.0,1.0,1.0,1.0,1.0,1.0,1.0,1.0,1.0,1.0 0.05882352941176472 1 15,1,1,2,1,1,1,1,1,1,1,1,1,2,1,1,1 
0-3 0.02777777777777779,-1,-1,-1,-1,0.008064516129032251,-1,-1,-1,-1,-1,-1,-1,-1,-1,-1,-1,-1 1.0,1.0,1.0,1.0,1.0,1.0,1.0,1.0,1.0,1.0,1.0,1.0,1.0,1.0,1.0,1.0,1.0,1.0 1.0,1.0,1.0,1.0,1.0,1.0,1.0,1.0,1.0,1.0,1.0,1.0,1.0,1.0,1.0,1.0,1.0,1.0 0.05555555555555558 1 15,1,1,1,1,2,1,1,1,1,1,1,1,1,1,1,1,1 
1-3 0.02777777777777779,-1,-1,-1,-1,0.008064516129032251,-1,-1,-1,-1,-1,-1,-1,-1,-1,-1,-1,-1 1.0,1.0,1.0,1.0,1.0,1.0,1.0,1.0,1.0,1.0,1.0,1.0,1.0,1.0,1.0,1.0,1.0,1.0 1.0,1.0,1.0,1.0,1.0,1.0,1.0,1.0,1.0,1.0,1.0,1.0,1.0,1.0,1.0,1.0,1.0,1.0 0.05555555555555558 1 15,1,1,1,1,2,1,1,1,1,1,1,1,1,1,1,1,1 
2-3 0.02777777777777779,-1,-1,-1,-1,0.008064516129032251,-1,-1,-1,-1,-1,-1,-1,-1,-1,-1,-1,-1 1.0,1.0,1.0,1.0,1.0,1.0,1.0,1.0,1.0,1.0,1.0,1.0,1.0,1.0,1.0,1.0,1.0,1.0 1.0,1.0,1.0,1.0,1.0,1.0,1.0,1.0,1.0,1.0,1.0,1.0,1.0,1.0,1.0,1.0,1.0,1.0 0.05555555555555558 1 15,1,1,1,1,2,1,1,1,1,1,1,1,1,1,1,1,1 
3-3 0.02777777777777779,-1,-1,-1,-1,0.008064516129032251,-1,-1,-1,-1,-1,-1,-1,-1,-1,-1,-1,-1 1.0,1.0,1.0,1.0,1.0,1.0,1.0,1.0,1.0,1.0,1.0,1.0,1.0,1.0,1.0,1.0,1.0,1.0 1.0,1.0,1.0,1.0,1.0,1.0,1.0,1.0,1.0,1.0,1.0,1.0,1.0,1.0,1.0,1.0,1.0,1.0 0.05555555555555558 1 15,1,1,1,1,2,1,1,1,1,1,1,1,1,1,1,1,1 
5-3 0.02777777777777779,-1,-1,-1,-1,0.008064516129032251,-1,-1,-1,-1,-1,-1,-1,-1,-1,-1,-1,-1 1.0,1.0,1.0,1.0,1.0,1.0,1.0,1.0,1.0,1.0,1.0,1.0,1.0,1.0,1.0,1.0,1.0,1.0 1.0,1.0,1.0,1.0,1.0,1.0,1.0,1.0,1.0,1.0,1.0,1.0,1.0,1.0,1.0,1.0,1.0,1.0 0.05555555555555558 1 15,1,1,1,1,2,1,1,1,1,1,1,1,1,1,1,1,1 
0-5 -2 1.0 0.78125 1.0 -1 33 
1-5 -2 1.0 0.78125 1.0 -1 33 
2-5 -2 1.0 0.78125 1.0 -1 33 
3-5 -2 1.0 0.78125 1.0 -1 33 
5-5 -2 1.0 0.78125 1.0 -1 33 
