0-0 -2 0.45454545454545453 1.0 1.0 -1 67 
0-1 -2 0.45454545454545453 1.0 1.0 -1 67 
0-2 -2 0.45454545454545453 1.0 1.0 -1 67 
0-3 -2 0.45454545454545453 1.0 1.0 -1 67 
0-5 -2 1.0 1.0 1.0 -1 67 
1-0 -2 0.45454545454545453 1.0 1.0 -1 67 
1-1 -2 0.45454545454545453 1.0 1.0 -1 67 
1-2 -2 0.45454545454545453 1.0 1.0 -1 67 
1-3 -2 0.45454545454545453 1.0 1.0 -1 67 
1-5 -2 1.0 1.0 1.0 -1 67 
2-0 -2 0.45454545454545453 1.0 1.0 -1 67 
2-1 -2 0.45454545454545453 1.0 1.0 -1 67 
2-2 -2 0.45454545454545453 1.0 1.0 -1 67 
2-3 -2 0.45454545454545453 1.0 1.0 -1 67 
2-5 -2 1.0 1.0 1.0 -1 67 
3-0 -2 0.45454545454545453 1.0 1.0 -1 67 
3-1 -2 0.45454545454545453 1.0 1.0 -1 67 
3-2 -2 0.45454545454545453 1.0 1.0 -1 67 
3-3 -2 0.45454545454545453 1.0 1.0 -1 67 
3-5 -2 1.0 1.0 1.0 -1 67 
5-0 -2 0.45454545454545453 1.0 1.0 -1 67 
5-1 -2 0.45454545454545453 1.0 1.0 -1 67 
5-2 -2 0.45454545454545453 1.0 1.0 -1 67 
5-3 -2 0.45454545454545453 1.0 1.0 -1 67 
5-5 -2 1.0 1.0 1.0 -1 67 
