0-0 0.4228723404255319,0.6112956810631229,0.3472222222222223,0.5345744680851063,0.44130434782608696,0.6739130434782609,0.005102040816326481,0.7,0.005102040816326481,0.6843971631205674,0.6804347826086956,0.7777777777777778,-1 1.0,1.0,1.0,1.0,1.0,1.0,1.0,1.0,1.0,1.0,1.0,1.0,-1 0.8928571428571429,0.875,0.8666666666666667,0.8833333333333333,0.8857142857142857,1.0,1.0,1.0,1.0,1.0,1.0,1.0,1.0 0.7692307692307692 1 4,8,3,4,5,5,2,5,2,4,5,3,1 
0-3 0.4228723404255319,0.6112956810631229,0.3472222222222223,0.5345744680851063,0.44130434782608696,0.6739130434782609,0.005102040816326481,0.7,0.005102040816326481,0.6843971631205674,0.6804347826086956,0.7777777777777778,-1 0.3333333333333333,0.5,0.6666666666666666,0.6666666666666666,0.2,0.4,0.5,0.4,0.5,0.25,0.4,0.5,-1 0.8928571428571429,0.875,0.8666666666666667,0.8833333333333333,0.8857142857142857,1.0,1.0,1.0,1.0,1.0,1.0,1.0,1.0 0.7692307692307692 1 4,8,3,4,5,5,2,5,2,4,5,3,1 
0-5 0.4228723404255319,0.6112956810631229,0.3472222222222223,0.5345744680851063,0.44130434782608696,0.6739130434782609,0.005102040816326481,0.7,0.005102040816326481,0.6843971631205674,0.6804347826086956,0.7777777777777778,-1 0.6666666666666666,0.5,0.3333333333333333,0.6666666666666666,0.4,0.4,0.5,0.4,0.5,0.5,0.4,1.0,-1 0.8928571428571429,0.875,0.8666666666666667,0.8833333333333333,0.8857142857142857,1.0,1.0,1.0,1.0,1.0,1.0,1.0,1.0 0.7692307692307692 1 4,8,3,4,5,5,2,5,2,4,5,3,1 
0-211 0.4228723404255319,0.6112956810631229,0.3472222222222223,0.5345744680851063,0.44130434782608696,0.6739130434782609,0.005102040816326481,0.7,0.005102040816326481,0.6843971631205674,0.6804347826086956,0.7777777777777778,-1 0.6666666666666666,0.5,0.3333333333333333,0.6666666666666666,0.6,0.4,0.5,0.4,0.5,0.5,0.4,0.5,-1 0.8928571428571429,0.875,0.8666666666666667,0.8833333333333333,0.8857142857142857,1.0,1.0,1.0,1.0,1.0,1.0,1.0,1.0 0.7692307692307692 1 4,8,3,4,5,5,2,5,2,4,5,3,1 
0-212 0.4228723404255319,0.6112956810631229,0.3472222222222223,0.5345744680851063,0.44130434782608696,0.6739130434782609,0.005102040816326481,0.7,0.005102040816326481,0.6843971631205674,0.6804347826086956,0.7777777777777778,-1 0.6666666666666666,0.875,0.3333333333333333,0.3333333333333333,0.6,0.8,0.5,0.2,0.5,0.75,0.8,0.5,-1 0.8928571428571429,0.875,0.8666666666666667,0.8833333333333333,0.8857142857142857,1.0,1.0,1.0,1.0,1.0,1.0,1.0,1.0 0.7692307692307692 1 4,8,3,4,5,5,2,5,2,4,5,3,1 
3-0 0.6063829787234043,0.0357142857142857,0.9313131313131313 0.3333333333333333,0.5,0.16666666666666666 1.0,1.0,1.0 0.6666666666666667 1 4,2,45 
3-3 0.6063829787234043,0.0357142857142857,0.9313131313131313 1.0,1.0,0.2857142857142857 1.0,1.0,1.0 0.6666666666666667 1 4,2,45 
3-5 0.6063829787234043,0.0357142857142857,0.9313131313131313 1.0,1.0,0.38095238095238093 1.0,1.0,1.0 0.6666666666666667 1 4,2,45 
3-211 0.6063829787234043,0.0357142857142857,0.9313131313131313 1.0,1.0,0.3333333333333333 1.0,1.0,1.0 0.6666666666666667 1 4,2,45 
3-212 0.6063829787234043,0.0357142857142857,0.9313131313131313 1.0,1.0,0.6666666666666666 1.0,1.0,1.0 0.6666666666666667 1 4,2,45 
5-0 0.712962962962963,0.845371972318339,0.725,0.5789359861591695 0.2,0.26666666666666666,0.18181818181818182,0.125 0.9555555555555556,1.0,1.0,1.0 1.0 1 6,17,11,17 
5-3 0.712962962962963,0.845371972318339,0.725,0.5789359861591695 1.0,0.8,0.9090909090909091,0.3125 0.9555555555555556,1.0,1.0,1.0 1.0 1 6,17,11,17 
5-5 0.712962962962963,0.845371972318339,0.725,0.5789359861591695 1.0,0.9333333333333333,1.0,1.0 0.9555555555555556,1.0,1.0,1.0 1.0 1 6,17,11,17 
5-211 0.712962962962963,0.845371972318339,0.725,0.5789359861591695 1.0,0.8,0.9090909090909091,0.8125 0.9555555555555556,1.0,1.0,1.0 1.0 1 6,17,11,17 
5-212 0.712962962962963,0.845371972318339,0.725,0.5789359861591695 0.6,0.8666666666666667,0.45454545454545453,0.875 0.9555555555555556,1.0,1.0,1.0 1.0 1 6,17,11,17 
211-0 0.7369337979094077,0.01388888888888884,0.3956521739130435,-1 0.175,1.0,0.2,1.0 0.8222222222222222,1.0,1.0,1.0 0.75 1 42,3,5,1 
211-3 0.7369337979094077,0.01388888888888884,0.3956521739130435,-1 0.3,1.0,1.0,1.0 0.8222222222222222,1.0,1.0,1.0 0.75 1 42,3,5,1 
211-5 0.7369337979094077,0.01388888888888884,0.3956521739130435,-1 0.35,1.0,1.0,1.0 0.8222222222222222,1.0,1.0,1.0 0.75 1 42,3,5,1 
211-211 0.7369337979094077,0.01388888888888884,0.3956521739130435,-1 0.325,1.0,1.0,1.0 0.8222222222222222,1.0,1.0,1.0 0.75 1 42,3,5,1 
211-212 0.7369337979094077,0.01388888888888884,0.3956521739130435,-1 0.55,1.0,1.0,1.0 0.8222222222222222,1.0,1.0,1.0 0.75 1 42,3,5,1 
212-0 0.3472222222222223,0.0357142857142857,-1,0.9642687559354226,0.01388888888888884,0.01736111111111116,-1,0.5282608695652173,0.3956521739130435,-1 0.3333333333333333,0.5,-1,0.2,1.0,0.5,1.0,0.2,0.2,1.0 1.0,1.0,1.0,1.0,1.0,1.0,1.0,1.0,1.0,1.0 0.6 1 3,2,1,27,3,3,1,5,5,1 
212-3 0.3472222222222223,0.0357142857142857,-1,0.9642687559354226,0.01388888888888884,0.01736111111111116,-1,0.5282608695652173,0.3956521739130435,-1 1.0,1.0,-1,0.48,1.0,0.5,1.0,1.0,1.0,1.0 1.0,1.0,1.0,1.0,1.0,1.0,1.0,1.0,1.0,1.0 0.6 1 3,2,1,27,3,3,1,5,5,1 
212-5 0.3472222222222223,0.0357142857142857,-1,0.9642687559354226,0.01388888888888884,0.01736111111111116,-1,0.5282608695652173,0.3956521739130435,-1 1.0,1.0,-1,0.56,1.0,1.0,1.0,1.0,1.0,1.0 1.0,1.0,1.0,1.0,1.0,1.0,1.0,1.0,1.0,1.0 0.6 1 3,2,1,27,3,3,1,5,5,1 
212-211 0.3472222222222223,0.0357142857142857,-1,0.9642687559354226,0.01388888888888884,0.01736111111111116,-1,0.5282608695652173,0.3956521739130435,-1 1.0,1.0,-1,0.48,1.0,0.5,1.0,1.0,1.0,1.0 1.0,1.0,1.0,1.0,1.0,1.0,1.0,1.0,1.0,1.0 0.6 1 3,2,1,27,3,3,1,5,5,1 
212-212 0.3472222222222223,0.0357142857142857,-1,0.9642687559354226,0.01388888888888884,0.01736111111111116,-1,0.5282608695652173,0.3956521739130435,-1 1.0,1.0,-1,0.56,1.0,0.75,1.0,1.0,1.0,1.0 1.0,1.0,1.0,1.0,1.0,1.0,1.0,1.0,1.0,1.0 0.6 1 3,2,1,27,3,3,1,5,5,1 
