0-0 0.42835365853658547,0.6333333333333333,0.7944444444444445,0.35144927536231885,0.4954545454545455,0.3876811594202898,0.42272727272727273,0.015957446808510634,0.02659574468085113,0.33333333333333337,0.4340909090909091,0.02127659574468077 1.0,1.0,1.0,1.0,1.0,1.0,1.0,1.0,1.0,1.0,1.0,1.0 0.20449790794979084,0.21497584541062797,0.9791666666666666,0.37359098228663445,0.30209205020920493,0.9722222222222222,0.300418410041841,0.9545454545454546,0.9545454545454546,0.36506276150627615,0.300418410041841,0.5314009661835748 0.75 1 8,6,4,3,5,3,5,2,2,4,5,2 
3-0 0.42835365853658547,0.6333333333333333,0.7944444444444445,0.35144927536231885,0.4954545454545455,0.3876811594202898,0.42272727272727273,0.015957446808510634,0.02659574468085113,0.33333333333333337,0.4340909090909091,0.02127659574468077 0.875,1.0,0.6666666666666666,0.6666666666666666,0.8,0.6666666666666666,1.0,1.0,1.0,1.0,1.0,1.0 0.20449790794979084,0.21497584541062797,0.9791666666666666,0.37359098228663445,0.30209205020920493,0.9722222222222222,0.300418410041841,0.9545454545454546,0.9545454545454546,0.36506276150627615,0.300418410041841,0.5314009661835748 0.75 1 8,6,4,3,5,3,5,2,2,4,5,2 
5-0 0.42835365853658547,0.6333333333333333,0.7944444444444445,0.35144927536231885,0.4954545454545455,0.3876811594202898,0.42272727272727273,0.015957446808510634,0.02659574468085113,0.33333333333333337,0.4340909090909091,0.02127659574468077 0.5,0.4,0.3333333333333333,0.6666666666666666,0.4,0.3333333333333333,0.4,0.5,0.5,0.5,0.4,1.0 0.20449790794979084,0.21497584541062797,0.9791666666666666,0.37359098228663445,0.30209205020920493,0.9722222222222222,0.300418410041841,0.9545454545454546,0.9545454545454546,0.36506276150627615,0.300418410041841,0.5314009661835748 0.75 1 8,6,4,3,5,3,5,2,2,4,5,2 
211-0 0.42835365853658547,0.6333333333333333,0.7944444444444445,0.35144927536231885,0.4954545454545455,0.3876811594202898,0.42272727272727273,0.015957446808510634,0.02659574468085113,0.33333333333333337,0.4340909090909091,0.02127659574468077 0.875,0.8,1.0,1.0,0.8,1.0,0.8,1.0,1.0,0.75,0.8,0.5 0.20449790794979084,0.21497584541062797,0.9791666666666666,0.37359098228663445,0.30209205020920493,0.9722222222222222,0.300418410041841,0.9545454545454546,0.9545454545454546,0.36506276150627615,0.300418410041841,0.5314009661835748 0.75 1 8,6,4,3,5,3,5,2,2,4,5,2 
212-0 0.42835365853658547,0.6333333333333333,0.7944444444444445,0.35144927536231885,0.4954545454545455,0.3876811594202898,0.42272727272727273,0.015957446808510634,0.02659574468085113,0.33333333333333337,0.4340909090909091,0.02127659574468077 0.625,0.4,0.6666666666666666,0.6666666666666666,0.4,0.6666666666666666,0.6,1.0,1.0,0.5,0.6,0.5 0.20449790794979084,0.21497584541062797,0.9791666666666666,0.37359098228663445,0.30209205020920493,0.9722222222222222,0.300418410041841,0.9545454545454546,0.9545454545454546,0.36506276150627615,0.300418410041841,0.5314009661835748 0.75 1 8,6,4,3,5,3,5,2,2,4,5,2 
0-3 0.8847222222222222,0.42608517608517604,0.9035885167464115,0.7083333333333334,0.6702898550724637,0.9386363636363636,0.9 0.2857142857142857,0.3333333333333333,0.18181818181818182,0.5,0.3333333333333333,0.2,0.2 1.0,1.0,1.0,1.0,1.0,1.0,0.991701244813278 1.0 1 9,12,11,4,3,5,5 
3-3 0.8847222222222222,0.42608517608517604,0.9035885167464115,0.7083333333333334,0.6702898550724637,0.9386363636363636,0.9 0.42857142857142855,1.0,1.0,1.0,1.0,1.0,1.0 1.0,1.0,1.0,1.0,1.0,1.0,0.991701244813278 1.0 1 9,12,11,4,3,5,5 
5-3 0.8847222222222222,0.42608517608517604,0.9035885167464115,0.7083333333333334,0.6702898550724637,0.9386363636363636,0.9 0.7142857142857143,1.0,0.9090909090909091,0.75,1.0,1.0,1.0 1.0,1.0,1.0,1.0,1.0,1.0,0.991701244813278 1.0 1 9,12,11,4,3,5,5 
211-3 0.8847222222222222,0.42608517608517604,0.9035885167464115,0.7083333333333334,0.6702898550724637,0.9386363636363636,0.9 1.0,1.0,1.0,0.75,0.6666666666666666,1.0,1.0 1.0,1.0,1.0,1.0,1.0,1.0,0.991701244813278 1.0 1 9,12,11,4,3,5,5 
212-3 0.8847222222222222,0.42608517608517604,0.9035885167464115,0.7083333333333334,0.6702898550724637,0.9386363636363636,0.9 0.42857142857142855,1.0,1.0,0.5,0.6666666666666666,1.0,1.0 1.0,1.0,1.0,1.0,1.0,1.0,0.991701244813278 1.0 1 9,12,11,4,3,5,5 
0-5 0.7911585365853658,0.8736263736263736,0.7930622009569378,0.5018939393939394 0.3333333333333333,0.2857142857142857,0.18181818181818182,0.125 1.0,0.8511904761904762,0.8601398601398602,0.5773092369477912 1.0 1 8,14,11,16 
3-5 0.7911585365853658,0.8736263736263736,0.7930622009569378,0.5018939393939394 0.5,1.0,1.0,1.0 1.0,0.8511904761904762,0.8601398601398602,0.5773092369477912 1.0 1 8,14,11,16 
5-5 0.7911585365853658,0.8736263736263736,0.7930622009569378,0.5018939393939394 0.8333333333333334,1.0,1.0,1.0 1.0,0.8511904761904762,0.8601398601398602,0.5773092369477912 1.0 1 8,14,11,16 
211-5 0.7911585365853658,0.8736263736263736,0.7930622009569378,0.5018939393939394 1.0,1.0,1.0,0.5625 1.0,0.8511904761904762,0.8601398601398602,0.5773092369477912 1.0 1 8,14,11,16 
212-5 0.7911585365853658,0.8736263736263736,0.7930622009569378,0.5018939393939394 0.5,1.0,0.9090909090909091,0.3125 1.0,0.8511904761904762,0.8601398601398602,0.5773092369477912 1.0 1 8,14,11,16 
0-211 0.4357142857142857,0.42608517608517604,0.9035885167464115,-1,0.7083333333333334 0.15789473684210525,0.3333333333333333,0.18181818181818182,1.0,0.5 0.45075540256263147,1.0,1.0,1.0,1.0 0.8 1 21,12,11,1,4 
3-211 0.4357142857142857,0.42608517608517604,0.9035885167464115,-1,0.7083333333333334 0.7368421052631579,1.0,1.0,1.0,1.0 0.45075540256263147,1.0,1.0,1.0,1.0 0.8 1 21,12,11,1,4 
5-211 0.4357142857142857,0.42608517608517604,0.9035885167464115,-1,0.7083333333333334 0.6842105263157895,1.0,0.9090909090909091,1.0,0.75 0.45075540256263147,1.0,1.0,1.0,1.0 0.8 1 21,12,11,1,4 
211-211 0.4357142857142857,0.42608517608517604,0.9035885167464115,-1,0.7083333333333334 0.6842105263157895,1.0,1.0,1.0,0.75 0.45075540256263147,1.0,1.0,1.0,1.0 0.8 1 21,12,11,1,4 
212-211 0.4357142857142857,0.42608517608517604,0.9035885167464115,-1,0.7083333333333334 0.2631578947368421,1.0,1.0,1.0,0.5 0.45075540256263147,1.0,1.0,1.0,1.0 0.8 1 21,12,11,1,4 
0-212 0.5027777777777778,0.3949507389162561,0.037234042553191515,0.03623188405797095,-1,0.03191489361702127,0.10227272727272729,-1,-1,-1 0.3333333333333333,0.25,0.5,0.3333333333333333,1.0,0.5,0.2,1.0,1.0,1.0 1.0,0.3363800027696995,1.0,1.0,1.0,1.0,1.0,1.0,1.0,1.0 0.4 1 4,29,2,3,1,2,5,1,1,1 
3-212 0.5027777777777778,0.3949507389162561,0.037234042553191515,0.03623188405797095,-1,0.03191489361702127,0.10227272727272729,-1,-1,-1 1.0,1.0,1.0,1.0,1.0,1.0,1.0,1.0,1.0,1.0 1.0,0.3363800027696995,1.0,1.0,1.0,1.0,1.0,1.0,1.0,1.0 0.4 1 4,29,2,3,1,2,5,1,1,1 
5-212 0.5027777777777778,0.3949507389162561,0.037234042553191515,0.03623188405797095,-1,0.03191489361702127,0.10227272727272729,-1,-1,-1 1.0,0.5,1.0,1.0,1.0,0.5,1.0,1.0,1.0,1.0 1.0,0.3363800027696995,1.0,1.0,1.0,1.0,1.0,1.0,1.0,1.0 0.4 1 4,29,2,3,1,2,5,1,1,1 
211-212 0.5027777777777778,0.3949507389162561,0.037234042553191515,0.03623188405797095,-1,0.03191489361702127,0.10227272727272729,-1,-1,-1 1.0,0.7857142857142857,1.0,1.0,1.0,1.0,1.0,1.0,1.0,1.0 1.0,0.3363800027696995,1.0,1.0,1.0,1.0,1.0,1.0,1.0,1.0 0.4 1 4,29,2,3,1,2,5,1,1,1 
212-212 0.5027777777777778,0.3949507389162561,0.037234042553191515,0.03623188405797095,-1,0.03191489361702127,0.10227272727272729,-1,-1,-1 1.0,0.5,1.0,1.0,1.0,1.0,1.0,1.0,1.0,1.0 1.0,0.3363800027696995,1.0,1.0,1.0,1.0,1.0,1.0,1.0,1.0 0.4 1 4,29,2,3,1,2,5,1,1,1 
